1000 1001 1007 0 这是否是你第一次出现焦虑，是否比以前的焦虑虑状更严重?
1001 1002 1003 0 你的胸口是否有压迫性疼痛，并且伴有以下症状?一、下巴、颈部或手臂有刺痛感或常见的疼痛感；二、呼吸急促；三、头晕；四、出汗
1002 1002 1002 1 紧急情况!现在要进行紧急护理!你可能出现了心脏病的症状。拨打“120”，咀嚼并吞咽阿司匹林，然后喝杯水。
1003 1004 1005 0 你是否正在服用处方药或非处方药?是否在使用非法药物?
1004 1004 1004 1 你可能出现了药物反应。咨询一下医生是否是因为处方药、非处方药或非法药物引起了焦虑。
1005 1006 1008 0 你近来是否戒烟戒酒并且没有再服用其他药物?
1006 1006 1006 1 给医生打电话，你现在可能出现的是脱瘾症状。
1007 1008 1016 0 你是否多数时间或反复出现这种感觉?
1008 1009 1010 0 是你是否有以下症状?一、心悸；二、出汗；三、颈部肿胀；四、眼球突出；五、怕热；六、食欲旺盛但是体重下降
1009 1009 1009 1 去看医生，你可能患有甲状腺功能亢进。
1010 1011 1012 0 你是否有恐惧感和不真实感，同时还伴有以下症状?一、头晕；二、呼吸急促；三、频繁叹气；四、心悸；五、脸色赤红
1011 1011 1011 1 给医生打电话，你可能患上了恐慌症。
1012 1013 1014 0 你的焦虑是否和记忆中让你痛苦的事情有关？
1013 1013 1013 1 你需要看医生，你可能患上了创伤后应激障碍。
1014 1015 1017 0 你的焦虑感是否严重到了身体无法正常工作，基至想到要自杀的地步?
1015 1015 1015 1 现在就给医生打电话!你的症状需要引起往意了。
1016 1017 1019 0 你是否很少感到焦虑?
1017 1018 1019 0 你是否处在经期的7-10天之内?
1018 1018 1018 1 可能是激素波动引起了这些症状。如果情况加重，请及时看医生。
1019 1019 1019 1 如果焦虑感持续超过了1个月，请给医生打电话。
2000 2001 2002 0 你是否被这样的想法困扰过——想要结束自己的生命或要想伤害他人？
2001 2001 2001 1 紧急情况!现在就采取紧急医疗！一、给医生打电话或者去医院的急救中心求助。二、告诉朋友你现在的感受，让他/她陪着你。
2002 2003 2019 0 你最近是否有5种或5种以上在本书中列举的抑郁症状?
2003 2004 2005 0 你是否经历过让你很受伤或让你很伤心的事情，比如说家庭成员的去世，大的工作变动？
2004 2004 2004 1 抑郁在这些情况下都是很正常的。如果需要帮助解决，请给医生打电话。
2005 2006 2007 0 你最近是否患过病，是否有发热症状？
2006 2006 2006 1 生病过后感到抑郁是很常见的症状。如果需要帮助，可以请教医生。
2007 2008 2009 0 你是否近期刚分娩过，或是处在经期的7-10天之内?
2008 2008 2008 1 分娩过后或经期之前的抑郁表现是正常的。如果需要帮助，请给医生打电话。
2009 2010 2011 0 你是否正在使用处方药或非处方药?
2010 2010 2010 1 你可能对药物产生了反应。询问一下医生，这些药物是否会令你感到抑郁。
2011 2012 2013 0 你是否在使用麻醉剂或酒精?
2012 2012 2012 1 对药物上瘾可能会导致抑郁。咨询医生，请他帮忙戒掉。
2013 2014 2015 0 你最近是否戒了烟，戒了酒或使用了其他药物?
2014 2014 2014 1 你可能对药物产生了反应，去看医生吧。
2015 2016 2017 0 你是否在冬天患上了抑郁症?
2016 2016 2016 1 如病情加重，请去看医生。
2017 2018 2020 0 你是否患有慢性心脏病、关节炎或癌症等疾病?
2018 2018 2018 1 抑都症更容易出现在患有慢性疾病的人群当中。请求医生帮你克服抑郁症。
2019 2021 2022 0 以下提到的各项是否起伏不定?一、情绪上；二、体能上；三、决策能力上；四、睡眠质量上
2020 2020 2020 1 去看医生吧。你可能患上了慢性抑郁症。
2021 2021 2021 1 去看医生吧。你可能患上了抑郁症。
2022 2022 2022 1 如果抑郁症持续超过1个月，请给医生打电话。
3000 3001 3002 0 眩晕是否由于头部受到重击引起的?
3001 3001 3001 1 紧急情况！赶快行动吧!这可能是你脑部受损引起。
3002 3003 3008 0 你是否感觉呼吸困难或呼吸急促?
3003 3004 3005 0 你是否出现了以下症状?一、胸部剧痛；二、下巴、颈部或手臂疼痛；三、出汗
3004 3004 3004 1 紧急情况!赶快采取行动吧!你可能患了心脏病。拨打“120”，咀嚼吞咽1片阿司匹林。再喝杯水。
3005 3006 3007 0 你是否感觉恐惧、虚幻或呼吸急促?
3006 3006 3006 1 请参考与焦虑症相关的内容。
3007 3007 3007 1 如症状持续，请去看医生。
3008 3009 3010 0 你是否出现了以下症状?一、面部一侧出现麻痹；二、手臂或下肢出现麻痹或疼痛；三、说话含糊不清；四、看东西模糊不清或出现重影
3009 3009 3009 1 紧急情况!你可能出现了大脑或神经系统疾病。
3010 3011 3012 0 你是否正在服用处方药或非处方药?
3011 3011 3011 1 你可能会出现了药物反应。给医生打电话，询间处方药或非处方药是否会引起眩晕。
3012 3013 3014 0 眩晕可能是由于摄入过多酒精或使用麻醉剂引起的。
3013 3013 3013 1 向医生寻求帮助吧。
3014 3015 3022 0 你是否正在使用麻醉剂或酒精?
3015 3016 3017 0 眩晕是否反复出现，耳边是否隆隆响，听觉出现了障碍?
3016 3016 3016 1 现在就给医生打电话吧。你可能患有严重的听觉障碍。
3017 3018 3019 0 眩晕是否持续了几个小时甚至几天?
3018 3018 3018 1 现在给医生打电话吧。你可能患了轻度内耳疾病。
3019 3020 3021 0 最近12小时内你是否乘坐了轮船或飞机?
3020 3020 3020 1 你的情况可能是由于暂时性位置移动引起的。
3021 3021 3021 1 如果症状持续3天以上，就给医生打电话。
3022 3023 3024 0 眩晕是否持续了至少数周?你是否感觉一侧耳朵失聪，面部疼痛或麻痹?
3023 3023 3023 1 如果症状持续3天以上，就去看医生吧。你可能出现了神经受损或耳部问题。
3024 3025 3030 0 眩晕是否同时伴有头痛?
3025 3026 3027 0 头痛之前是否突然感到眩晕?
3026 3026 3026 1 给医生打电话，你可能患了偏头痛。
3027 3028 3029 0 醒来或躺下时，是否头痛不止，而且更加剧烈?
3028 3028 3028 1 给医生打电话、你可能患了脑部疾病。
3029 3029 3029 1 如果症状持续两周以上，就去看医生吧。
3030 3031 3032 0 改变位置或快速扭头时，你是否会感觉眩晕？
3031 3031 3031 1 如果症状持续两周以上，就给医生打电话吧。
3032 3033 3034 0 这种情况可能是低血压引起的。迅速站起时是否会眩晕?
3033 3033 3033 1 如果眩晕持续两周以上，就给医生打电话吧。
3034 3034 3034 1 如果眩晕加重或持续两周以上，就给医生打电话吧。
4000 4001 4002 0 晚上你是否很难入睡?
4001 4001 4001 1 你可能患上了失眠症。如果你觉得有疑问，请给医生打电话。
4002 4003 4004 0 你是否每天都会犯困?
4003 4003 4003 1 给医生打电话。你可能患上了嗜睡或睡眠呼吸暂停综合征。
4004 4005 4006 0 你是否出现了以下是症状?一、便秘；二、疲劳；三、皮肤干燥；四、体重增加；五、容易感冒
4005 4005 4005 1 你可能患上了甲状腺功能减退。如果连续两周以上犯困，请给医生打电话。
4006 4007 4010 0 你是否有时会因为头痛而醒来?
4007 4008 4009 0 当你躺下时，是否感觉头更加痛了，是否感觉看不清楚东西?
4008 4008 4008 1 现在给医生打电话吧。你可能出现了脑部疾病。
4009 4009 4009 1 你可能出现了呼吸障碍，去看医生吧。
4010 4011 4012 0 你是否出现了少尿或无尿的症状，是否出现了肿胀和体重增加?
4011 4011 4011 1 现在就给医生打电话吧。你的肾可能出现问题了。
4012 4013 4014 0 你是否在服用处方药或非处方药?
4013 4013 4013 1 你可能出现了药物反应。咨询一下医生，那些处方药或非处方药是否会使你犯困。
4014 4015 4016 0 你是否服用了麻醉剂或饮酒过量?
4015 4015 4015 1 过量饮酒或使用麻醉剂都可能使你犯困。给医生打电话。
4016 4017 4018 0 你是否感觉伤心和抑郁?你是否更想睡觉或不难以入睡?
4017 4017 4017 1 你可能患了抑郁症。
4018 4018 4018 1 如果你持续1个多月犯困，就给医生打电话吧。
5000 5001 5004 0 头痛是否因头部受到重击引起?
5001 5002 5003 0 你是否出现了以下症状?一、呕吐或干呕；二、视物模糊；三、头昏；四、记忆减退
5002 5002 5002 1 紧急情况!现在就处理吧。你的脑部可能受到了损伤。
5003 5003 5003 1 如果头痛持续两天以上，请给医生打电话。
5004 5005 5007 0 你是否出现了以下症状？一、剧痛；二、呕吐或干呕；三、昏迷不清
5005 5006 5007 0 你是否出现了以下症状？一、体温超过了37.8℃；二、头向前倾时头痛加剧；三、颈部僵硬；四、视物模糊不清或出现重影
5006 5006 5006 1 紧急情况!赶快处理吧！你可能出现了脑脑部出血。
5007 5008 5013 0 是否出现了流涕不止或鼻塞，咽喉痛或咳嗽?
5008 5009 5010 0 是否出现了发热症状?
5009 5009 5009 1 头痛经常伴有轻微感染。如果头痛持续两天以上，就给医生打电话。
5010 5011 5012 0 头向前倾时是否出现了黄绿色或铁锈色鼻涕，头痛是否加剧？
5011 5011 5011 1 你可能出现了鼻窦感染。如果症状持续，就给医生打电话吧。
5012 5012 5012 1 如果症状持续，就给医更生打电话吧。
5013 5014 5025 0 是否呕吐或干呕?
5014 5015 5016 0 是否感觉头晕?
5015 5015 5015 1 紧急情况!现在就处理吧。你可能吸入了有毒气体。
5016 5017 5018 0 眼睛是否跳动、疼痛，并且伴有视物模糊症状?
5017 5017 5017 1 现在就给医生打电话吧。眼部可能压力过大，血压可能偏高。
5018 5019 5020 0 最近你是否饮酒过量?
5019 5019 5019 1 呕吐、干呕和头痛是饮酒过量的常见症状。
5020 5021 5022 0 你是否去高地旅行和锻炼了?
5021 5021 5021 1 头痛可能是由缺氧引起的。
5022 5023 5024 0 你最近是否去拉丁美洲、非洲或亚洲旅行了?
5023 5023 5023 1 你可能受到了感染，现在就给医生打电话吧。
5024 5024 5024 1 给医生打电话。你需要更多关注这一症状。
5025 5026 5027 0 你是否在服用处方药或非处方药或麻醉剂?
5026 5026 5026 1 你可能出现了药物反应。给医生打电话。咨询一下医生那些处方药或非处方药是否会导致头痛。
5027 5028 5029 0 你是否比平常喝更少的含咖啡因的咖啡、茶或饮料?
5028 5028 5028 1 咖啡因摄入突然减小或低于平常摄入的量，也可能导致头痛。
5029 5030 5031 0 头痛之前或头痛期间是否出现了以下症状：一、视力减退；二、恶心；三、疲劳
5030 5030 5030 1 你可能患了偏头痛。如果头痛持续两天以上或复发，就给医生打电话吧。
5031 5032 5033 0 头痛是否几天就会复发一次，接着数天或数月都不再出现?
5032 5032 5032 1 如果情况加重，就给医生打电话吧。
5033 5034 5035 0 你是否出现了以下症状？一、头部或颈部持续疼痛；二、压力感；三、睡眠问题
5034 5034 5034 1 头痛可能是由紧张或压力感引起的。给医生打电话吧。
5035 5035 5035 1 如果头痛加剧或持续两周以上，就给医生打电话吧。
6000 6001 6002 0 听觉受损是否发生在头部或耳部重击后?
6001 6001 6001 1 紧急情况!赶快处理吧!否则，耳朵会受到更大损伤。
6002 6003 6004 0 听觉受损时，你是否还乘坐了飞机或进行了潜水?
6003 6003 6003 1 紧急情况!赶快处理吧!否则，耳朵内部会受到更大损伤。
6004 6005 6006 0 听到噪声后是否出现了听觉受损?
6005 6005 6005 1 噪声可能会损害你的耳朵。24小时内如果还没有恢复正常，就给医生打电话吧。
6006 6007 6008 0 耳朵内外是否出现了疼痛，是否发热或鼻塞？
6007 6007 6007 1 你的耳朵可能受到了感染。给医生打电话。
6008 6009 6010 0 是否突然出现听觉受损?
6009 6009 6009 1 给医生打电话。听觉受损可能是耳垢引起的。
6010 6011 6012 0 你是否出现了头晕、呕吐或干呕的症状?
6011 6011 6011 1 给医生打电话。你的内耳或神经可能出现了问题。
6012 6013 6014 0 过去几周内，你是否服用了新药，特别是大剂量的阿司匹林、抗生素或利尿剂?
6013 6013 6013 1 这些药可能会带来副作用，给医生打电话吧。
6014 6015 6016 0 你是否注意到了你听低频率的声音有困难，或者在怀孕期间听觉受损加剧?
6015 6015 6015 1 你可能患了中耳听觉受损。现在就给医生打电话吧。
6016 6017 6018 0 你是否已到40岁，你是否很难听到低频率的声音?
6017 6017 6017 1 你的听觉受损可能是某些特殊情况引起的。给医生打电话吧。
6018 6019 6021 0 听觉受损是否在逐年加剧?
6019 6020 6021 0 你是否很难听到高频率的声音，你是否长期暴露在非常吵闹的环境中?
6020 6020 6020 1 如果症状持续两周以上，就给医生打电话。听觉受损可能是年龄增长或听觉受损引起的。
6021 6021 6021 1 你的耳朵里可能出现了耳垢或其他小问题。更多信息请参考如果听觉减退持续两周以上，就给医生打电话吧。
7000 7001 7002 0 耳鸣是否出现在你头部或耳部重击后?
7001 7001 7001 1 紧急情况!赶快处理吧!因为你的头部或者耳部已经受到了严重损伤。
7002 7003 7006 0 你是否处在吵闹的环境中?
7003 7004 7005 0 你的听党是否减退了?
7004 7004 7004 1 给医生打电话。
7005 7005 7005 1 如果症状持续两周以上，就给医生打电话吧。以后尽量避开嘈杂的环境，也可以使用一些护耳的工具保护一下耳朵。
7006 7007 7008 0 是否感到耳部有压力，并且伴有疼痛?
7007 7007 7007 1 更多信息请参考考与耳部压力或疼痛相关的内容。
7008 7009 7022 0 是否感到头晕目眩，失去平衡?
7009 7010 7011 0 是否很难活动四肢?是否出现了听觉障碍？
7010 7010 7010 1 现在就给医生打电话。你的症状可能是脑部严重损伤引起的。
7011 7012 7013 0 是否突然出现严重的头昏，并且伴有呕吐和干呕?
7012 7012 7012 1 给医生打电话吧。你可能患了内耳炎。
7013 7014 7015 0 你是否出现了以下症状？一、疲劳；二、呼吸急促；三、心悸
7014 7014 7014 1 给医生打电话吧。你可能患了高血压病或血液系统疾病。
7015 7016 7017 0 你最近是否乘坐飞机、去海拔高的地方或潜水了?
7016 7016 7016 1 气压变化可能会损害你的中耳。如果症状持续，请去看医生。
7017 7018 7019 0 你是否正在服用处方药或非处方药，比如阿司匹林、抗生素或利尿剂?
7018 7018 7018 1 你可能出现了药物反应。给医生打电话。咨询一下处方药或非处方药是否能引起耳鸣。
7019 7020 7021 0 你是否出现了以下症状？一、听觉受损；二、脸部疼痛或麻痹；三、关节疼痛
7020 7020 7020 1 现在给医生打电话。你的神经、骨骼可能出现了问题。
7021 7021 7021 1 如果症状持续两周以上，就给医生打电话吧。
7022 7023 7027 0 问题是否越来越严重？
7023 7024 7025 0 你是否已到60岁，是否能听得清低率的声音?
7024 7024 7024 1 你的听觉受损可能是年龄方面的原因引起的。如果症状加重，请去看医生。
7025 7026 7027 0 脸部是否出现了麻痹和疼痛?
7026 7026 7026 1 请去看医生。因为你的神经或骨骼可能出现了问题。
7027 7027 7027 1 如果情况严重且持续，请给医生打电话。
8000 8001 8002 0 你是否出现了以下症状？一、耳内有分泌物或出血；二、发热；三、耳朵肿胀；四、当把耳垂向下拉时，耳部疼痛加剧；五、流涕或者鼻塞
8001 8001 8001 1 去看医生吧，因为你可能感染了外耳炎或者中耳炎。也可能是耳膜出现了破裂。
8002 8003 8004 0 牙龈或下巴是否疼痛？
8003 8003 8003 1 去看牙医吧。你的牙齿或下巴可能出现了问题。
8004 8005 8010 0 你是否感到耳部堵塞，听力下降，咀嚼也无济于事?
8005 8006 8007 0 是否感冒了?
8006 8006 8006 1 尝试服用非处方药。如果症状持续1周以上，就给医生打电话吧。
8007 8008 8009 0 你最近是否坐了飞机，去了海拔高的地方，或者去潜水了?
8008 8008 8008 1 气压变化会对中耳造成伤害。如果症状持续，请去看医生。
8009 8009 8009 1 可能是耳垢堵塞。更多信息请参考有关如何除去耳垢的文章。如果症状持续，就给医生打电话。
8010 8011 8016 0 你的耳朵是否没有疼痛感，只是有压力?
8011 8012 8013 0 你患感冒了吗?出现过敏了吗?
8012 8012 8012 1 你的耳咽管可能被堵塞了。多喝水，并且服用减轻充血的药物。
8013 8014 8015 0 你最近是否乘坐飞机或潜水?
8014 8014 8014 1 你可能受到了轻微的气压伤。如果症状持续1周以上，请给医生打电话。
8015 8015 8015 1 你的耳朵可能被耳垢堵住了。如果症状持续1周以上，请给医生打电话。
8016 8017 8018 0 耳部或者头部最近是否受到了重击?
8017 8017 8017 1 请立即去看医生，你的耳朵可能受到了伤害。
8018 8019 8020 0 当你咀食物或者打哈欠时，疼痛是否会加剧?
8019 8019 8019 1 给牙医打电话。因为你的下巴可能出现了问题。
8020 8021 8022 0 你最近有没有乘坐飞机或者佩藏水中呼吸器潜水?
8021 8021 8021 1 请立即给医生打电话，你可能出现了气压伤。
8022 8022 8022 1 如果症状持续两周以上，请给医生打电话。
9000 9001 9003 0 你的下排牙齿、颈部或者下颌是否一直出现疼痛?
9001 9002 9004 0 你的胸部是否疼痛，是否伴有以下症状?一、颈部或者上肢出现疼痛或麻刺感；二、呼吸急促；三、头昏目眩；四、出汗
9002 9002 9002 1 紧急情况!现在赶快处理!你的心脏可能出现了问题。按打“120”，咀嚼并且吞服阿司匹林。
9003 9004 9009 0 是否有多颗牙齿疼痛?
9004 9005 9006 0 牙龈是否发红、肿胀或是者出血?
9005 9005 9005 1 给牙医打电话，因为你可能患了牙龈疾病。
9006 9007 9008 0 你的口腔或者面部的其他地方是否感觉疼痛，有压力，是否感到憋闷或者头痛?
9007 9007 9007 1 你的静脉窦可能出现了感染。如果这种症状持续，请给医生打电话。
9008 9008 9008 1 去看牙医吧，因为你的这些症状需要特别关注。
9009 9010 9013 0 疼痛是突然出现、持续存在还是呈抽痛样?
9010 9011 9012 0 你是否发热，牙龈否肿胀，颈部是否肿胀?
9011 9011 9011 1 去看牙医吧，因为你可能患上了牙龈肿胀。
9012 9012 9012 1 去看牙医吧，因为你可能患上了牙龈脓肿。
9013 9014 9017 0 当你阻嚼食物或者用牙咬食物时，牙齿是否疼痛?
9014 9015 9016 0 牙医最近有没有给你的牙齿装上填充物?
9015 9015 9015 1 填充物可能不平整。如果这种情况持续，就给牙医打电话吧。
9016 9016 9016 1 请给牙医打电话，因为你可能患上了牙龈脓肿。
9017 9018 9019 0 你的下巴是否疼痛，且咀嚼时还伴有“咔嗒”的声音和头痛感?
9018 9018 9018 1 请给牙医打电话，因为你的下巴关节处可能出现了问题。
9019 9020 9021 0 吃冷、热、甜的食物时牙齿是否疼痛?
9020 9020 9020 1 请给牙医打电话，因为你的牙齿上可能有小洞，或者是填充物损坏了。
9021 9021 9021 1 你可以暂时不处理这些症状。不过，如果症状持续1周以上或者加重，请给牙医打电话。
10000 10001 10002 0 腺体肿胀是否超过了2个月?
10001 10001 10001 1 现在就给医生打电话。因为你的免疫系统可能出现了问题，也可能是癌症的预兆。
10002 10003 10019 0 是否只有颈部腺体肿胀?
10003 10004 10005 0 你是否出现了以下症状?一、咽喉部有黄色或者白色异物；二、喉呢疼痛；三、体温超过37.8℃
10004 10004 10004 1 给医生打电话。咽喉或者牙齿可能受到了感染，患有单核细胞增生症或者其他病毒感染。
10005 10006 10007 0 你的噪子是否发哑，是是否吞食困难或者疼痛，且这种症状持续超过1个月了?
10006 10006 10006 1 给医生打电话。你可能患了良性肿瘤或者恶性肿瘤。
10007 10008 10009 0 耳朵前部或者下部，或者下巴以下是否肿胀?
10008 10008 10008 1 给医生打电话，因为唾液腺可能出现了问题。
10009 10010 10011 0 舌头下部是否感到疼痛，口中是否发苦?
10010 10010 10010 1 给医生打电话，因为唾液腺可能出现了问题。
10011 10012 10013 0 你的牙齿或者牙龈是否疼痛?
10012 10012 10012 1 更多信息请参考与牙痛相关的内容。
10013 10014 10015 0 你的耳朵是否疼痛?
10014 10014 10014 1 更多信息请参考与耳痛或压力相关的内容。
10015 10016 10017 0 你的嘴唇或者牙龈是否出现了溃疡?
10016 10016 10016 1 你的口腔可能受到了感染。如果症状加重，请给医生打电话。
10017 10018 10019 0 颈前部是否肿胀?肿胀处是否刚好在喉结的下面或者旁边?
10018 10018 10018 1 给医生打电话。因为你的甲状腺可能发炎或出现了肿瘤。
10019 10020 10021 0 皮肤上是否出现了皮疹或者红肿，关节是否肿胀、僵硬或有痛感?
10020 10020 10020 1 给你的医生打电话。你的关节可能受到了感染或发炎了。
10021 10022 10024 0 腹股沟处腺体是否肿胀？
10022 10023 10024 0 是否感觉生殖器疼痛?
10023 10023 10023 1 更多信息请参考与疼痛、生殖器分泌物相关相关的内容。
10024 10024 10024 1 如果腺体肿胀超过3周，就给医生打电话。
11000 11001 11002 0 你是否感觉用嘴巴呼吸很困难，呼吸时是否会过多地流口水或者喉咙尤其疼痛?
11001 11001 11001 1 紧急情况!赶快处理吧!喉部可能受到了感染。
11002 11003 11004 0 你是否发热(37.8℃以上)，颈部腺体肿大，或者咽后壁有黄色或者白色异物?
11003 11003 11003 1 给医生打电话。你可能受到了细菌感染或者患了单核细胞增多症。
11004 11005 11008 0 你是否流涕、鼻塞或咳嗽?
11005 11006 11007 0 鼻腔中的分泌物是否又浓又绿?你是否咳出了绿色的痰?
11006 11006 11006 1 给医生打电话。因为鼻窦或者肺部可能受到了感染。
11007 11007 11007 1 你可能过敏了。服用非处方抗组胺剂药片。如果症状持续两周以上，就给医生打电话。
11008 11009 11010 0 嗓音是否发哑?
11009 11009 11009 1 你的声带有可能发炎了。
11010 11011 11012 0 咽喉是否疼痛，感到酸胀，是否伴有胃为热感?
11011 11011 11011 1 你的咽喉中可能有由胃酸引起的刺激，请服用抗酸药。如果咽喉持续疼痛两周以上，尽管你已经治疗了，也要给医生打电话。
11012 11013 11014 0 咽喉疼痛是否持续两周以上?
11013 11013 11013 1 给医生打电话。因为你可能受到了轻微感染。但轻微的感染也有可能出现大问题。
11014 11014 11014 1 你的咽喉很可能感染了。如果咽喉持续两周以上疼痛，就给医生打电话。
12000 12001 12007 0 你的眼睛是否突然感到剧痛?
12001 12002 12003 0 你是否出现过以下症状?一、眼睛或头部受创伤；二、眼中有异物；三、化学物品溅到眼睛里
12002 12002 12002 1 紧急情况！赶快处理!否则，你的眼晴会严重受损。在接受紧急救治之前，用干净的水清洗眼睛。
12003 12004 12005 0 你是否头痛得厉害，并出现以下症状?一、呕吐和干呕；二、发热；三、视物模糊；四、头昏目眩；五、颈部僵硬
12004 12004 12004 1 紧急情况!赶快处理。你的脑部或者眼睛可能出了问题。
12005 12006 12007 0 你最近有没有感冒并且出现过敏症状?当你把头前倾时，疼痛是否加重?
12006 12006 12006 1 你可能染上了鼻突炎。如果症状持续，就给医生打电话。
12007 12008 12012 0 眼睛疼痛时是否还伴有头痛?
12008 12009 12010 0 你是否出现了以下症状?一、散光；二、对光敏感；三、呕吐或干呕
12009 12009 12009 1 紧急情况!赶快处理!你的眼睛可能出现了问题。
12010 12011 12012 0 你是否出现了以下症状?一、散光；二、呕吐或干呕；三、一侧眼睛流泪，鼻子堵塞
12011 12011 12011 1 给医生打电话。你可能患了偏头痛。更多信息请参考与头痛相关的关的内容。
12012 12013 12015 0 你的眼晴是否疼痛，并且伴有以下症状?一、视物模糊；二、眼睛发红、发痒、潮湿；三、对光敏感
12013 12014 12015 0 这些症状是否持续两天以上?
12014 12014 12014 1 现在就给医生打电话。这些症状可能是眼睛问题引起的。更多信息请参考眼部分泌物、视力减退相关的内容。
12015 12016 12019 0 眼皮是否起了水疱、肿胀并起了脓包?
12016 12017 12018 0 眼皮是否呈硬皮样或鳞屑样，并伴有灼烧感，对光线敏感?
12017 12017 12017 1 给医生打电话。你的眼皮或角膜可能发炎了。
12018 12018 12018 1 如果症状持续两天以上，请给医生打电话。因为你可能患上了睑板腺囊肿或者睑腺炎。
12019 12020 12021 0 你的眼睛是否经常感觉潮湿，眼睛里是否有硬的黄色异物排出?
12020 12020 12020 1 更多信息请参考与眼部分泌物相关的内容。
12021 12022 12023 0 你的眼睛是否肿胀或疼痛?
12022 12022 12022 1 现在就给医生打电话。这些症状可能是增生、炎症成者甲状腺紊乱引起的。
12023 12024 12025 0 你的眼皮是否下垂并且伴有以下症状?一、脸部、手臂或者下肢无力；二、耳疼；三、吞咽困难；四、呼吸困难；五、眼睛潮湿
12024 12024 12024 1 现在就给医生打电话。你的神经或者肌肉现了问题。
12025 12026 12027 0 白眼上有没有出现并没影响你钱力的血红色斑点?
12026 12026 12026 1 你眼睛里的血管可能受损了。这得花费约两周的时间慢慢治疗。
12027 12028 12032 0 你眼晴干涩吗?
12028 12029 12030 0 夜晚你的视力是否很差，并且伴有以下症状?一、没有食欲；二、腹泻；三、粪便恶臭，呈黄色；四、软弱无力
12029 12029 12029 1 给医生打电话。你可能出现了吸收障碍问题。
12030 12031 12032 0 你是否感到嘴唇干燥，皮肤干燥，关节疼痛?
12031 12031 12031 1 给医生打电话。你的自身免疫系统可能出现了问题。
12032 12032 12032 1 如果症状持续两周以上或者加重，就给医生打电话。
13000 13001 13002 0 一侧或两侧眼睛是否出现了以下症状?一、视力减退；二、看东西出现重影；三、眼睛有被遮盖感或阴影；四、光晕；五、对光极其敏感
13001 13001 13001 1 紧急情况！赶快处理吧!你的眼睛可能受伤了。
13002 13003 13004 0 即使你的视力现在很好，你的眼是否时而失去大部分甚至全部视力，且这种情况会持续数分钟?
13003 13003 13003 1 现在就给区生打电话。你可能患上了脑卒中。
13004 13005 13014 0 你的视力是否持续出现模制现象已长达几个月?
13005 13006 13007 0 这是否主要出现在外围视力？
13006 13006 13006 1 给医生打电话、你的症状可能是由于眼睛内压力增加、视网膜分离或者肿瘤引起的。
13007 13008 13009 0 你是否尿频，家族中是否有糖尿病患者?
13008 13008 13008 1 给医生打电话，你的症状可能是糖展病引起的。
13009 13010 13011 0 你是否出现了以下症状?一、视力模糊；二、在强光下时视力更加模糊；三、晚上开车有困难；四、难以辨别颜色
13010 13010 13010 1 给医生打电话。因为你的情况可能源于白内障。
13011 13012 13013 0 你服用了处方药或者非处方药之后，视力是否变得越来越模糊？
13012 13012 13012 1 给医生打电话。因为你可能出现了药物反应。
13013 13013 13013 1 给眼科医生打电话。因为你可能需要配矫正眼镜或者更换眼镜。
13014 13015 13016 0 你是否出现了以下症状?一、眼睛分泌物过多；二、眼睛发痒；三、眼皮肿胀；四、对光敏感
13015 13015 13015 1 你的眼睛可能发炎了。如果症状持续两天以上，就给医生打电话。
13016 13017 13018 0 头痛时是否伴有眼前闪光、呕吐或干呕?
13017 13017 13017 1 给医生打电话，医为你可能患上了偏头痛。
13018 13019 13026 0 看物体时是否会有重影?
13019 13020 13021 0 眼睛是否肿胀?
13020 13020 13020 1 现在就给医生打电话。以上症状可能是由于增生、眼部发炎以及甲状腺功紊乱引起的。
13021 13022 13023 0 你是否有以下症状?一、眼睑下垂；二、吞咽食物困难；三、呼吸困难；四、手臂或下肢无力
13022 13022 13022 1 现在就给医生打电话。你的肌肉可能出现了问题。
13023 13024 13025 0 眼睛是否能够请楚地看到物体，两只眼猜的视线是否有交叉?
13024 13024 13024 1 给医生打电话。你的症状可能是肌肉引起的。
13025 13025 13025 1 给医生打电话。这些症状必须引起医生的重视。
13026 13027 13028 0 你的视力在夜间是否很差?是否伴有以下症状？一、眼睛干涩；二、无食欲；三、腹泻或者粪便呈黄色或绿色；四、体乏无力
13027 13027 13027 1 给医生打电话。你可能出现了吸收障碍。
13028 13028 13028 1 如果症状持续两周以上，或者情况加重，就给医生打电话。
14000 14001 14002 0 眼中出现分泌物的同时，是否伴有以下症状？一、呼吸极度困难；二、面部或手部肿胀；三、发痒或荨麻疹
14001 14001 14001 1 紧急情况!现在就处理吧!你可能出现了过敏反应。
14002 14003 14004 0 你是否出现了以下症状?一、眼睑下垂；二、面部一侧无力；三、耳痛
14003 14003 14003 1 现在就咨询医生吧。你可能患了脑卒中或神经失调。
14004 14005 14006 0 一例或者两侧眼睛是否发红，是否有黄色黏液，是否发痒或疼痛？
14005 14005 14005 1 现在就咨询医生。你的眼睛可能受到了感染。
14006 14007 14013 0 一例或者两侧眼睑是否肿胀，是否出现了丘疹和肿块?
14007 14008 14009 0 眼睑是否发硬并出现了鳞片，是否有灼热感，是否对光线敏感?
14008 14008 14008 1 咨询医生吧。因为你的眼睑有可能发炎了。
14009 14010 14011 0 眼睑是否出现了疱疹并且疼痛?
14010 14010 14010 1 你可能患了眼腺炎。可以対眼睑进行热敷。
14011 14012 14013 0 眼睑是否出现了水疱？
14012 14012 14012 1 咨询医生吧。因为你可能染了疱疹病毒。
14013 14014 14015 0 眼睛是否发红、流泪，受感眼睛一侧的头部是否疼痛?
14014 14014 14014 1 你可能患了偏头痛。吃点止痛药。如果症状持续，就咨询医生吧。
14015 14016 14017 0 是否流涕、鼻塞，是否咳嗽、咽喉痛?
14016 14016 14016 1 你很可能患了感冒。
14017 14018 14019 0 眼睛是否潮湿并且伴有以下症状?一、眼睛疼痛；二、视物模糊不清；三、对光敏感
14018 14018 14018 1 现在就咨询医生。这些症状可能是由一些眼部疾病引起的。
14019 14019 14019 1 如果症状加重或者持续1个月以上，就咨询医生。
15000 15001 15002 0 头发或身体其他部位的毛发是否突然脱落很多？
15001 15001 15001 1 咨询医生吧。你的皮肤或者激素分泌可能失调了。
15002 15003 15016 0 头发是否越来越少了？
15003 15004 15005 0 你是否服用了避孕药?
15004 15004 15004 1 女性服用避孕药时会出现少量掉发的现象。如果你觉得头发掉得太多，就咨询医生吧。
15005 15006 15007 0 你是否服用了其能处方药或非处方药?
15006 15006 15006 1 你可能出现了药物反应，咨询医生吧!问问医生药物是否导致了脱发。
15007 15008 15009 0 过去的3个月内你是否刚经历了分娩?
15008 15008 15008 1 由于分娩之后激素分泌回归正常状态，所以这时掉发是很正常的现象。
15009 15010 15011 0 你是否刚从伴有发热的疾病中恢复出来?
15010 15010 15010 1 有时，发热过后会出现掉发现象。一般而言，几个月后，体的头发就会恢复正常。
15011 15012 15013 0 你是否出现了以下症状?一、皮肤干燥；二、体重增加；三、全身疲劳或者肌肉无力；四、异常怕冷
15012 15012 15012 1 咨询你的医生吧。因为你的甲状腺分泌可能失调了。
15013 15014 15015 0 你是否出现了以下症状?一、肥胖；二、开始生痤疮；三、体毛脱落；四、月经周期改变
15014 15014 15014 1 咨询医生吧。因为你的激素分泌可能出现了紊乱。
15015 15015 15015 1 不管是男性还是女性都可能出现脱发或者秃顶现象。
15016 15017 15018 0 你是否经常使用护发素或者各种定型技术拉扯头发?
15017 15017 15017 1 你可能会毁了你的秀发。停止使用那些产品并且观察头发是否有所恢复。
15018 15018 15018 1 如果症状持续1个月以上就咨询医生吧。
16000 16001 16006 0 背部疼痛是否出现在受到重击、或者做完累人的工作或举重后?
16001 16002 16003 0 你是否很难控制住你的手臂、下肢的活动?
16002 16002 16002 1 紧急情况！现在就处理吧！你的脊髓可能受到了损伤。
16003 16004 16005 0 你的一侧手臂或者下肢是否出现了疼痛、刺痛或麻木感?
16004 16004 16004 1 去咨询医生吧。你的肌肉、骨骼或神经可能受到了损伤。
16005 16005 16005 1 的背部可使扭伤或者劳损。如果症状持续，就去咨询医生吧。
16006 16007 16008 0 脊柱是否弯曲，是否畸形?
16007 16007 16007 1 现在就咨询医生。因为你的骨骼可能出现问题，并且需要立即治疗了。
16008 16009 16010 0 当你刚睡醒或者工作日附结束时，脊柱是否疼痛和僵硬？
16009 16009 16009 1 疼痛可能是由于背部用力不当造成的，也可能是工作时势不对造成的。
16010 16011 16012 0 你是否肥胖?
16011 16011 16011 1 过重的体重会压迫背部。阅读一下关于怎样减肥的文章吧。
16012 16013 16014 0 你是否已过了40岁？
16013 16013 16013 1 咨询医生。因为你的关节或者骨骼可能出现问题了。
16014 16015 16022 0 你的背部疼痛是否伴随有阵发性腹痛或骨盆痛？
16015 16016 16017 0 你是否出现了以下症状?一、尿频或小便时有灼烧感；二、尿中带血；三、发热
16016 16016 16016 1 更多信息请参考与跟尿频或者尿痛、尿中带血相关的内容。
16017 16018 16019 0 疼痛是否出现在月经期前后?
16018 16018 16018 1 更多信息请参考与痛经、月经过多、月经不调相关的内容。
16019 16020 16021 0 是否突然疼痛，疼痛是否经常出现在饭后?
16020 16020 16020 1 是现在就咨询医生。你的腹部可能患病了。
16021 16021 16021 1 咨询医生吧。你的这些状需要进一步诊断。
16022 16023 16028 0 你是否发热？
16023 16024 16025 0 肌肉和关节是否疼痛?是否伴有咽喉痛、咳嗽和流涕？
16024 16024 16024 1 你的吸道可能受到了感染。如果症状持续，请咨询医生。
16025 16026 16027 0 你是否出现了以下症状?一、只要一活动背部就会疼痛；二、疼痛持续不断；三、有过糖病病史或者使用过静脉药物
16026 16026 16026 1 现在就咨询医生。因为你可能受到了感染。
16027 16027 16027 1 咨询医生。你需要医生关注这些症状。
16028 16029 16030 0 背部下端和臀部是否疼痛、僵硬，特别是休息或者坐久了之后?早上是否感觉僵硬，且时长在1个小时以上?
16029 16029 16029 1 去咨询医生吧。你可能患关节炎了。
16030 16031 16034 0 臀部或者下肢是否疼痛?
16031 16032 16033 0 疼痛是否放射至下肢?
16032 16032 16032 1 去咨询医生吧。你的坐骨神经可能受到了损伤。
16033 16033 16033 1 去咨询医生吧。你需要医生关注这些症状。
16034 16035 16040 0 背部疼痛是否伴随有身体其他部位的疼痛、僵硬或无力，是否还出现了全身酸软无力的症状?
16035 16036 16037 0 你是否出现了以下症状?一、消化不良；二、恶心或干呕，无食欲；三、容易口渴，尿液增多
16036 16036 16036 1 现在就咨询医生。你可能患了甲状旁腺功能亢进。
16037 16038 16039 0 你是否出现了不明原因的严重疼痛、疲惫以及体重减轻症状?
16038 16038 16038 1 现在就咨询你的医生。你的骨髓可能出现了异常。
16039 16039 16039 1 咨询医生吧。你需要医生关注这些症状。
16040 16041 16042 0 身体的一侧是否出现了皮疹，这些皮疹是否灼烧且令人发痒?
16041 16041 16041 1 咨询医生吧。
16042 16043 16044 0 你是否感觉麻木、刺痛或者肌肉无力?
16043 16043 16043 1 更多信息请参考与麻木或者刺痛相关的内容。
16044 16044 16044 1 如果症状持续1个月以上，就咨询医生吧。
17000 17001 17004 0 疼痛是否出在重击、受伤或者摔倒之后?
17001 17002 17003 0 臀部是否出现了肿胀、畸形、严重受损或流血，是否难以动弹?
17002 17002 17002 1 紧急情况！现在就处理吧!你可能出现了骨裂或者错位。
17003 17003 17003 1 你可能受到了扭伤、碰伤或劳损。如果症状持续，就询医生吧。
17004 17005 17008 0 疼痛是否为突发性的?
17005 17006 17007 0 你是否服用了某种药物?你是否患有镰状细胞性贫血?
17006 17006 17006 1 咨询医生吧。你可能患上了因骨骼血液减少导致的血管疾病。
17007 17007 17007 1 你可能受到了扭伤和劳损。服用阿司匹林或者布洛芬。如果症状加重或持续，就咨询医生吧。
17008 17009 17010 0 疼痛是否出现在劳累、运动或者重复动作的工作之后?
17009 17009 17009 1 肌建可能发炎了。服用阿司匹林或布洛芬。如果症状加重或者持续，就咨询医生吧。
17010 17011 17014 0 臀部或者其他部位是否出现了疼痛?
17011 17012 17013 0 你发热是否超过了37.8℃，是否出了皮疹?你最近是否生病了?
17012 17012 17012 1 现在就咨询你的医生。你可能受到了感染。
17013 17013 17013 1 咨询医生。因为你的关节可能发炎了。
17014 17015 17020 0 是否只有臀部一侧疼痛?
17015 17016 17017 0 是否出现了肿块，而且在夜里疼痛更明显?是否毫无原因你的体重就减轻了？
17016 17016 17016 1 现在就咨询医生。你可能患了肿瘤。
17017 17018 17019 0 你是否发热378℃以上?是否出现了皮疹，最近是否生过病?
17018 17018 17018 1 现在就咨询医生。你可能受到了感染。
17019 17019 17019 1 服用阿司匹林或布洛芬吧。如果症状持续，就咨询医生吧。
17020 17021 17022 0 你是否已经过了40岁?
17021 17021 17021 1 咨询医生。你的关节可能出现了异常。
17022 17022 17022 1 服用阿司匹林或布洛芬。如果症状加重或者持续，就咨询医生吧。
18000 18001 18006 0 疼痛是否出现在重击或者受伤过后?
18001 18002 18003 0 你的膝盖是否肿胀、畸形、严重青肿或流血而无法负重?
18002 18002 18002 1 紧急情况!现在就处理吧！你可能出现了骨裂或错位。
18003 18004 18005 0 膝盖是否无法活动?
18004 18004 18004 1 咨询医生吧。你的韧带或软骨组织可能受到了损伤。
18005 18005 18005 1 你可能扭伤或碰伤了。予以局部制动、冰敷、压迫及抬高。如果症状持续，就咨询医生吧。
18006 18007 18008 0 你是否患了血友病或者镰状细胞性贫血?
18007 18007 18007 1 紧急情况！现在就处理吧。
18008 18009 18010 0 剧烈体力活动或者运动过后，是否疼痛?
18009 18009 18009 1 你的肌腱可能发炎了。服用阿司匹林或布洛芬。如果症状持续两周以上，就咨询医生吧。
18010 18011 18014 0 双膝或者其他关节是否肿胀或发红?
18011 18012 18013 0 发热是否超过37.8℃，是否出现了皮疹，最近是否生过病?
18012 18012 18012 1 现在就咨询医生。你可能受到了感染。
18013 18013 18013 1 咨询医生吧。你的关节可能发炎了。
18014 18015 18018 0 是否只有一侧膝盖出现肿胀、发红?
18015 18016 18017 0 发热是否超过37.8℃，是否出现了皮疹，最近是否生过病?
18016 18016 18016 1 现在就咨询医生。你可能受到了感染。
18017 18017 18017 1 咨询医生吧。你可能发炎了。
18018 18019 18020 0 你是否已过了40岁?
18019 18019 18019 1 咨询医生吧。你的关节或骨骼可能出现了异常。
18020 18021 18022 0 你是否超重?
18021 18021 18021 1 超重可能给关节造成了压力。请阅读关于如何减肥的文章。
18022 18022 18022 1 服用阿司匹林或布洛芬。如果症状持续两周以上或者加重，就咨询医生吧。
19000 19001 19004 0 疼痛是否在重击或者受伤过后?
19001 19002 19003 0 手腕、手或者手指是否肿胀、严重受损或流血，是否不能动弹?
19002 19002 19002 1 紧急情况!现在就处理吧！你可能出现了骨裂或错位。
19003 19003 19003 1 你可能受到了扭伤或压力。如果肿胀持续，就咨询医生吧。
19004 19005 19008 0 手腕、手臂、肘部或手指是否肿胀、发红，是否出现了多个关节僵硬的症状?
19005 19006 19007 0 你是否发热超过37.8℃?你最近是否患过病?
19006 19006 19006 1 现在就咨询医生。你可能受到了感染。
19007 19007 19007 1 咨询医生吧。你的关节可能发炎了。
19008 19009 19012 0 是否只有一侧手腕、手或手指出现了肿胀或者发红症状?
19009 19010 19011 0 发热是否超过37.8℃，是否出了皮疹，最近是否患过病?
19010 19010 19010 1 现在就咨询医生，你可能受到了感染。
19011 19011 19011 1 咨询医生吧。你的身体可能有炎症。
19012 19013 19014 0 你是否已过了40岁?
19013 19013 19013 1 服用阿司匹林或布洛芬。如果症状持续两周以上，就咨询医生吧。
19014 19015 19020 0 你的手或者手臂是否刺痛、麻木?
19015 19016 19017 0 你的颈部、前臂或手指是否疼痛?
19016 19016 19016 1 咨询医生吧。你的颈部可能出现了异常。
19017 19018 19019 0 你的手指是否麻木或刺痛?
19018 19018 19018 1 咨询医生。你的手部神经可能出现了异常。
19019 19019 19019 1 如果症状加重，就咨询医生吧。
19020 19021 19022 0 天气寒冷时，指尖是否疼痛，且颜色发白或发紫?
19021 19021 19021 1 咨询医生吧。你可能患了结缔组织疾病。
19022 19022 19022 1 服用阿司匹林或布洛芬，如果症状持两周以上，就咨询医生吧。
20000 20001 20004 0 疼痛是否在重击或损伤过后?
20001 20002 20003 0 踝关节、脚或者脚趾是否出现了以下症状?一、肿胀；二、畸形；三、严重受损和流血；四、不能负重
20002 20002 20002 1 紧急情况!现在就处理吧!你可能是骨折或脱臼了。
20003 20003 20003 1 你可能受到了扭伤或碰伤。按照压迫及抬高步骤做。如果症状持续，就咨询医生。
20004 20005 20008 0 双脚踝、双脚或者脚趾是否肿胀或发红?
20005 20006 20007 0 发热是否超过了37.8℃，是否出现了皮疹?最近是否生过病?
20006 20006 20006 1 现在就咨询医生。你可能受到了感染。
20007 20007 20007 1 咨询医生。你的关节可能发炎了。
20008 20009 20014 0 是否只有一侧脚踝、脚或脚趾肿胀或发红?
20009 20010 20011 0 发热是否超过了37.8℃，是否出现了皮疹，最近是否生过病？
20010 20010 20010 1 现在就咨询医生。你可能受到了感染。
20011 20012 20013 0 大脚趾是否疼痛?
20012 20012 20012 1 咨询医生，你的关节可能发炎了。
20013 20013 20013 1 咨询医生吧。你的关节或肌腱可能发炎了。
20014 20015 20016 0 你是否已过了40岁?
20015 20015 20015 1 咨询医生吧。你的骨骼或者关节可能出现了异常。
20016 20017 20018 0 你是否超重?
20017 20017 20017 1 超重给关节带来了压力。请阅读与超重相关的文章。
20018 20019 20024 0 脚底或脚趾皮肤是否有粗糙的突出?
20019 20020 20021 0 是当你施压时，是否疼痛?
20020 20020 20020 1 脚上可能长了疣。如果情况加重，就咨询医生吧。
20021 20022 20023 0 脚趾是否像动物的爪状无法伸开?
20022 20022 20022 1 脚可能变形了。如果症状持续，就咨询医生吧。
20023 20023 20023 1 如果症状加重，就咨询医生吧。
20024 20025 20026 0 脚底和脚跟对否疼痛，特别是当你步行或跑步时?
20025 20025 20025 1 咨询医生吧。你的循环系统或韧带可能出现了问题。
20026 20027 20028 0 脚是否麻木、刺痛，并且疼痛向上蔓延到了腿部?
20027 20027 20027 1 更多信息请参考麻木或刺痛相关的内容。
20028 20028 20028 1 如果症状持续1个月以上，就咨询医生吧。
21000 21001 21004 0 你是否出现了剧烈疼痛，并且伴有以下症状?一、胸部、下巴、颈部或者手臂出现疼痛或麻木感；二、呼吸短促；三、眩晕或流汗
21001 21002 21003 0 体息几分钟后，是否依然疼痛?
21002 21002 21002 1 紧急情况!现在就处理吧!你可能是心脏病发作了。拨打“120，服用阿司匹林，然后喝一杯水;这可以稀释血液，帮助心脏获得更多血液。
21003 21003 21003 1 现在就咨询医生。你可能患上了心绞痛。
21004 21005 21008 0 疼痛是否出现在重击或者受伤过后?
21005 21006 21007 0 肩膀是否肿胀、畸形、受损严重、出血以致难以动弹?
21006 21006 21006 1 紧急情况！现在就处理吧!你可能出现了骨折或错位。
21007 21007 21007 1 你可能受到了扭伤或碰伤。如果症状持续，就咨询医生吧。
21008 21009 21012 0 劳累或者运动过后或者进行重复动作的工作后是否会痛?
21009 21010 21011 0 当你移动手臂时，肩关节是否无力、疼痛?
21010 21010 21010 1 肌腱可能发炎了。如果症状持续，就咨询医生吧。
21011 21011 21011 1 服用阿司匹林或布洛芬。如果症状持续两周以上，就咨询医生吧。
21012 21013 21014 0 最近肩部疼痛是否加剧，是否还导致了失眠问题?
21013 21013 21013 1 咨询医生吧。你的肩部可能发炎了。
21014 21015 21018 0 双肩或者其他关节是否肿胀、发红?
21015 21016 21017 0 发热是否超过37.8℃，是否出现了皮疹，最近是否生过病?
21016 21016 21016 1 现在就咨询医生。你可能受到了感染。
21017 21017 21017 1 咨询医生吧。你的关节可能发炎了。
21018 21019 21022 0 是否只有一侧肩膀肿胀或发红?
21019 21020 21021 0 发热是否超过37.8℃，是否出了皮疹，最近是否生过病?
21020 21020 21020 1 现在就咨询医生。你可能受到了感染。
21021 21021 21021 1 咨询医生吧。你的肩部可能发炎了。
21022 21023 21024 0 你是否已过40岁?
21023 21023 21023 1 服用阿司匹林或布洛芬。如果症状持续两周以上，就咨询医生吧。
21024 21025 21026 0 颈部、手或手臂是否肿是否肿胀或刺痛?
21025 21025 21025 1 咨询医生吧。因为你的颈部可能出现了异常。
21026 21026 21026 1 服用阿司匹林或布洛芬。如果症状持续两周以上，就咨询医生吧。
22000 22001 22002 0 当你醒来时，是否首先感觉到了颈部疼痛和僵硬?
22001 22001 22001 1 疼痛可能是由于睡姿不正确引起的。如果症状持续1天以上，就咨询医生吧。
22002 22003 22008 0 疼痛是否发生在重击或撞击颈或背部，或在繁重的工作后?
22003 22004 22005 0 四肢活动是否困难，是否出现了大、小便失禁?
22004 22004 22004 1 紧急情况！现在就处理吧!你的脊髓可能受到了损伤。
22005 22006 22007 0 手臂是否疼痛?
22006 22006 22006 1 咨询医生吧。你的颈部的肌肉或者骨骼可能受到了损伤。
22007 22007 22007 1 你的肌肉可能受到了轻微损伤。如果症状持续，就咨询医生吧。
22008 22009 22012 0 头痛是否很剧烈，是否感到恶心、头晕?
22009 22010 22011 0 你是否发热?当你把下巴触到胸部的位置时，是否感觉更加疼痛了?
22010 22010 22010 1 紧急情况!现在就处理吧!
22011 22011 22011 1 紧急情况！现在就处理吧!你的脑部可能发炎或出血了。
22012 22013 22014 0 你的坐姿或者站姿是否不正确?你是否长期保持一个姿势不变?
22013 22013 22013 1 你的肌肉可能受到了损伤。如果使用了放松疗法，按摩，服用阿司匹林或布洛芬后，症状依然持续，就咨询医生吧。
22014 22015 22022 0 腺体是否肿胀?颈部是否出现肿块?
22015 22016 22017 0 你是否发热，喉咙是否很痛?
22016 22016 22016 1 现在就咨询医生吧。你可能受到了病毒或细菌感染。
22017 22018 22019 0 喉结正下方是否肿胀，出现了肿块?
22018 22018 22018 1 咨询医生吧。你的甲状腺可能出了问题。
22019 22020 22021 0 你是否感到疲惫无力，体重突然减轻或者夜间盗汗?
22020 22020 22020 1 现在就咨询医生吧。你的淋巴腺可能长了肿瘤。
22021 22021 22021 1 咨询医生吧。肿胀需要引起医生的关注。
22022 22023 22027 0 长期以来的疼痛最近是否加重了?
22023 22024 22025 0 头向两侧转动或向下运动时是否感觉疼痛?
22024 22024 22024 1 颈部肌肉可能出现了痉挛。服用阿司匹林或布洛芬。如果症状加重或者持续两周以上，就咨询医生吧。
22025 22026 22027 0 活动颈部时，是否有“嘎吱嘎吱”的声音?手臂或手是否有麻木感或刺痛感?
22026 22026 22026 1 你的颈椎功能可能退化了。如果疼痛严重，就咨询医生吧。
22027 22027 22027 1 服用阿司匹林或布洛芬。如果症状持续两周以上或者加重，就咨询医生吧。
23000 23001 23004 0 麻木或刺痛是否在头部、颈部或者背部受到重击后?
23001 23002 23003 0 四肢活动是否困难，是否出现了大、小便失禁？
23002 23002 23002 1 紧急情况!现在就处理吧!重击可能会损害你的脊柱。
23003 23003 23003 1 咨询医生吧。你的肌肉、骨骼或者神经可能受到了损伤。
23004 23005 23006 0 你是否出现了以下症状?一、面部一侧麻木；二、困惑；三、言语不清；四、走路有困难
23005 23005 23005 1 紧急情况!现在就处理吧!你的大脑可能出现了严重问题。
23006 23007 23008 0 当你保持一个坐姿很久或当你醒来时，是否有麻木和刺痛感?
23007 23007 23007 1 这是神经严重受压的常见后果。变换坐姿，多做运动。
23008 23009 23013 0 是否仅在手或手臂出现了麻木和疼痛?
23009 23010 23011 0 你的颈部、前臂或手指是否疼痛?
23010 23010 23010 1 可能是颈上神经受压。如果症状加重或持续两周以上，就咨询医生吧。
23011 23012 23013 0 麻木和刺痛是否由重复动作的工作引起的?
23012 23012 23012 1 手部的神经可能受到了挤压。如果症状持续两周以上，就咨询医生吧。
23013 23014 23019 0 脚部是否麻木或刺痛?
23014 23015 23016 0 尿量是否增多，是否尿频?
23015 23015 23015 1 咨询医生吧。你可能患上了糖尿病或小神经受到了损害。
23016 23017 23018 0 当你站立或走路时，是否有持续麻木感或疼痛感。当你坐下时，是否缓解了。
23017 23017 23017 1 咨询医生吧。你的脊椎神经可能出了问题。
23018 23018 23018 1 如果症状持续两周以上，就咨询医生吧。
23019 23020 23021 0 身体的某一部位是否有刺痛感，并且出现了小的水疱状皮疹?
23020 23020 23020 1 咨询医生吧。你的神经可能出现了问题。
23021 23022 23024 0 刺痛感是否持续了数年或数月?
23022 23023 23024 0 近亲是否出现了类似的情况?
23023 23023 23023 1 咨询医生吧。你的神经病变可能是遗传的。
23024 23024 23024 1 如果症状持续4周以上，就咨询医生吧。
24000 24001 24006 0 指甲是否疼痛?
24001 24002 24003 0 疼痛是否为突发性的，指甲周围是否长有水疱，手臂是否肿胀?
24002 24002 24002 1 咨询医生吧。你的指甲可能出现了疱疹感染。
24003 24004 24005 0 指甲周围的皮肤是否发红或发痒?
24004 24004 24004 1 你的皮肤很可能发炎了。如果出现了脓液，或者肿胀持续1周，就咨询医生吧。
24005 24005 24005 1 如果肿胀持续两周以上，或者肿胀加重，就咨询医生吧。
24006 24007 24008 0 指甲周围的皮肤是否发红、凸起，出现了皮肤鳞片，指甲上是否有斑点?
24007 24007 24007 1 你的皮肤可能出了问题。如果肿胀持续，就咨询医生吧。
24008 24009 24013 0 脚趾甲是否疼痛?
24009 24010 24011 0 大脚趾的趾甲是否疼痛?
24010 24010 24010 1 适当修剪趾甲或穿合适的鞋子都会起到一定作用。如果症状持续，就咨询医生吧。
24011 24012 24013 0 脚趾甲是否又厚又黄?
24012 24012 24012 1 如果症状持续或你不喜欢现在的趾甲，就咨询医生吧。
24013 24013 24013 1 如果症状持续两周以上或者加重，就咨询医生吧。
25000 25001 25014 0 你近期嗽了吗?
25001 25002 25003 0 你是否持续以下症状?一、呼吸极度困难；二、面部或咽喉肿胀；三、咽喉发痒
25002 25002 25002 1 紧急情况！现在就处理吧!你可能出现了过敏反应或其他严重问题。
25003 25004 25005 0 你是否咳血?
25004 25004 25004 1 紧急情况!现在就处理吧!
25005 25006 25007 0 你是否干咳，并且伴有呼吸短促或哮喘症状？
25006 25006 25006 1 现在就落询医生吧。因为你可能患了哮喘。
25007 25008 25009 0 是否只有当你暴露在冷空气中或锻炼的时候，才开始咳嗽?
25008 25008 25008 1 现在就咨询医生吧。你可能患了轻微哮喘。
25009 25010 25011 0 你是否出现了以下症状?一、体温超过了37.5℃；二、咳出黄绿色黏痰；三、深呼吸时胸部疼痛
25010 25010 25010 1 咨询医生吧，因为你可能受到了细菌感染。
25011 25012 25013 0 你是否出现了以下症状?一、流涕；二、咽喉疼痛；三、咳嗽时痰少；四、全身乏力
25012 25012 25012 1 你的上呼吸道可能受到了感染。如果症状持续两周以上或者体温超过38℃，就咨询医生吧。
25013 25013 25013 1 如果症状持续两周以上或者体温超过38℃，就咨询医生吧。
25014 25015 25021 0 你是否患有慢性咳嗽，你抽烟吗?
25015 25016 25017 0 是否很少咳出痰，嗓音是否沙哑？
25016 25016 25016 1 咳嗽很可能是由抽烟引起的。向医生寻求帮助，尽快戒烟。
25017 25018 25019 0 当你活动时是否呼吸短促，这种症状是否持续了至少3个月？
25018 25018 25018 1 咨询医生吧。你可能患上了慢性阻塞性肺病。
25019 25020 25021 0 你是否出现了以下症状?一、咳血；二、胸部疼痛；三、无食欲；四、无缘无故体重变轻
25020 25020 25020 1 现在就咨询医生。你可能患上了肺癌成肺结核。
25021 25022 25032 0 你是否患有慢性咳嗽?
25022 25023 25024 0 你是否出现了以下症状?一、发热；二、盗汗；三、体重变轻；四、有肺结核病史；五、与肺结核患者有过接触
25023 25023 25023 1 现在就咨询医生吧。可能患上了肺结核。
25024 25025 25026 0 你是否出现了以下症状?一、有心脏病病史；二、躺下时咳嗽加重；三、下肢肿胀
25025 25025 25025 1 现在就咨询医生吧。你可能患上了充血性心力衰竭。
25026 25027 25028 0 当你暴露在冷空气中或当你运动时，是否会咳嗽？
25027 25027 25027 1 咨询医生吧。你可能患上了轻微的哮喘。
25028 25029 25030 0 你是否服用了治疗高血压的血管紧张素转换酶抑制剂?
25029 25029 25029 1 服用血管紧张素转换酶抑剂可能会产生副作用。咨询一下医生，药物是否会引起咳嗽。
25030 25031 25032 0 你是否暴露在了有烟或受到了污染的空气中?
25031 25031 25031 1 你可能是因为吸入了二手烟和污染粒子才咳嗽的。
25032 25032 25032 1 如果症状加重或者持续1个月以上，就咨询医生吧。
26000 26001 26012 0 近期是否出现了呼吸短促?
26001 26002 26003 0 你是否出现了以下症状?一、面部或咽喉肿胀；二、咽喉发痒
26002 26002 26002 1 紧急情况！现在就处理吧!你可能出现了过敏反应。
26003 26004 26005 0 深呼吸时，胸部是否疼痛，体息几分钟后，是否仍然疼痛?
26004 26004 26004 1 紧急情况！现在就处理吧!你的心脏或肺部可能出现严重问题。
26005 26006 26007 0 呼吸是否严重因难？
26006 26006 26006 1 紧急情况！现在就处理吧!你的肺部或心脏可能出了严重问题。
26007 26008 26009 0 你是否出现了以下症状?一、头晕目眩；二、突然极度恐慌；三、嘴唇或手刺痛；四、出汗；五、心跳加速
26008 26008 26008 1 如果症状持续或时常发生，就咨询医生吧。
26009 26010 26011 0 是否出现了以下症状?一、体温超过37.5℃；二、咳出黄绿色黏痰；三、由于呼吸引起的胸部疼痛
26010 26010 26010 1 咨询医生。你可能感染了细菌。
26011 26011 26011 1 咨询医生，你的症状需要引起关注。
26012 26013 26019 0 是否长期呼短促，伴或不伴咳嗽?
26013 26014 26015 0 你是否出现了以下症状?一、发热；二、盗汗；三、无食欲；四、体重减轻；五、咳血；六、有肺结核病史
26014 26014 26014 1 现在就咨询医生。你可能患了肺部肿瘤、肺脓肿或肺结核。
26015 26016 26017 0 你是否出现了以下症状?一、呼吸短促或者咳嗽，当躺下时愈严重；二、腿部种胀；三、有心脏病病史
26016 26016 26016 1 现在就咨询医生。你可能患上了充血性心力衰竭。
26017 26018 26019 0 活动后是否呼吸短促，且咳嗽有痰至少持续了3个月？
26018 26018 26018 1 咨询医生，你的呼吸道可能受到了感染。
26019 26020 26021 0 是否呼吸短促，且伴有喘息?
26020 26020 26020 1 更多信息请参考与喘息相关的内容。
26021 26022 26023 0 你肥胖吗(体脂率超过25%)?
26022 26022 26022 1 咨询医生吧。体重超重可能给肺部造成了压力。
26023 26023 26023 1 如果症状加重或症状持续两周以上，就咨询医生吧。
27000 27001 27002 0 呼吸是否极度困难?
27001 27001 27001 1 紧急情况!现在就处理吧!你的心脏和肺部可能出了严重问题。
27002 27003 27004 0 你是否有轻微的呼吸短促症状?
27003 27003 27003 1 现在就咨询医生。你可能患上了哮喘或其他肺或者心脏疾病。更多信息请参考与呼吸短促相关的内容。
27004 27005 27006 0 当你暴露在冷空气中或当你锻炼时，是否呼吸短促?
27005 27005 27005 1 咨询医生。你可能患上了轻微的哮喘。
27006 27007 27008 0 你是否服用了β受体阻滞剂?
27007 27007 27007 1 咨询医生。你服用的药物可能有副作用。
27008 27009 27010 0 喘息是否不到两周?
27009 27009 27009 1 如果症状持续，就咨询医生吧。
27010 27011 27012 0 喘息是否很长时间了?你是否吸烟?你是否暴露在受到了污染的空气中?
27011 27011 27011 1 咨询医生，你可能有慢性性肺部疾病。
27012 27012 27012 1 如果症状加重或喘息两周以上，就咨询医生吧。