1000 1001 1007 0 这是否是你第一次出现焦虑，是否比以前的焦虑虑状更严重?
1001 1002 1003 0 你的胸口是否有压迫性疼痛，并且伴有以下症状?一、下巴、颈部或手臂有刺痛感或常见的疼痛感；二、呼吸急促；三、头晕；四、出汗
1002 1002 1002 1 紧急情况!现在要进行紧急护理!你可能出现了心脏病的症状。拨打“120”，咀嚼并吞咽阿司匹林，然后喝杯水。
1003 1004 1005 0 你是否正在服用处方药或非处方药?是否在使用非法药物?
1004 1004 1004 1 你可能出现了药物反应。咨询一下医生是否是因为处方药、非处方药或非法药物引起了焦虑。
1005 1006 1008 0 你近来是否戒烟戒酒并且没有再服用其他药物?
1006 1006 1006 1 给医生打电话，你现在可能出现的是脱瘾症状。
1007 1008 1016 0 你是否多数时间或反复出现这种感觉?
1008 1009 1010 0 你是否有以下症状?一、心悸；二、出汗；三、颈部肿胀；四、眼球突出；五、怕热；六、食欲旺盛但是体重下降
1009 1009 1009 1 去看医生，你可能患有甲状腺功能亢进。
1010 1011 1012 0 你是否有恐惧感和不真实感，同时还伴有以下症状?一、头晕；二、呼吸急促；三、频繁叹气；四、心悸；五、脸色赤红
1011 1011 1011 1 给医生打电话，你可能患上了恐慌症。
1012 1013 1014 0 你的焦虑是否和记忆中让你痛苦的事情有关？
1013 1013 1013 1 你需要看医生，你可能患上了创伤后应激障碍。
1014 1015 1017 0 你的焦虑感是否严重到了身体无法正常工作，基至想到要自杀的地步?
1015 1015 1015 1 现在就给医生打电话!你的症状需要引起往意了。
1016 1017 1019 0 你是否很少感到焦虑?
1017 1018 1019 0 你是否处在经期的7-10天之内?
1018 1018 1018 1 可能是激素波动引起了这些症状。如果情况加重，请及时看医生。
1019 1019 1019 1 如果焦虑感持续超过了1个月，请给医生打电话。
2000 2001 2002 0 你是否被这样的想法困扰过——想要结束自己的生命或要想伤害他人？
2001 2001 2001 1 紧急情况!现在就采取紧急医疗！一、给医生打电话或者去医院的急救中心求助。二、告诉朋友你现在的感受，让他/她陪着你。
2002 2003 2019 0 你最近是否有5种或5种以上在本书中列举的抑郁症状?
2003 2004 2005 0 你是否经历过让你很受伤或让你很伤心的事情，比如说家庭成员的去世，大的工作变动？
2004 2004 2004 1 抑郁在这些情况下都是很正常的。如果需要帮助解决，请给医生打电话。
2005 2006 2007 0 你最近是否患过病，是否有发热症状？
2006 2006 2006 1 生病过后感到抑郁是很常见的症状。如果需要帮助，可以请教医生。
2007 2008 2009 0 你是否近期刚分娩过，或是处在经期的7-10天之内?
2008 2008 2008 1 分娩过后或经期之前的抑郁表现是正常的。如果需要帮助，请给医生打电话。
2009 2010 2011 0 你是否正在使用处方药或非处方药?
2010 2010 2010 1 你可能对药物产生了反应。询问一下医生，这些药物是否会令你感到抑郁。
2011 2012 2013 0 你是否在使用麻醉剂或酒精?
2012 2012 2012 1 对药物上瘾可能会导致抑郁。咨询医生，请他帮忙戒掉。
2013 2014 2015 0 你最近是否戒了烟，戒了酒或使用了其他药物?
2014 2014 2014 1 你可能对药物产生了反应，去看医生吧。
2015 2016 2017 0 你是否在冬天患上了抑郁症?
2016 2016 2016 1 如病情加重，请去看医生。
2017 2018 2020 0 你是否患有慢性心脏病、关节炎或癌症等疾病?
2018 2018 2018 1 抑都症更容易出现在患有慢性疾病的人群当中。请求医生帮你克服抑郁症。
2019 2021 2022 0 以下提到的各项是否起伏不定?一、情绪上；二、体能上；三、决策能力上；四、睡眠质量上
2020 2020 2020 1 去看医生吧。你可能患上了慢性抑郁症。
2021 2021 2021 1 去看医生吧。你可能患上了抑郁症。
2022 2022 2022 1 如果抑郁症持续超过1个月，请给医生打电话。
3000 3001 3002 0 眩晕是否由于头部受到重击引起的?
3001 3001 3001 1 紧急情况！赶快行动吧!这可能是你脑部受损引起。
3002 3003 3008 0 你是否感觉呼吸困难或呼吸急促?
3003 3004 3005 0 你是否出现了以下症状?一、胸部剧痛；二、下巴、颈部或手臂疼痛；三、出汗
3004 3004 3004 1 紧急情况!赶快采取行动吧!你可能患了心脏病。拨打“120”，咀嚼吞咽1片阿司匹林。再喝杯水。
3005 3006 3007 0 你是否感觉恐惧、虚幻或呼吸急促?
3006 3006 3006 1 请参考与焦虑症相关的内容。
3007 3007 3007 1 如症状持续，请去看医生。
3008 3009 3010 0 你是否出现了以下症状?一、面部一侧出现麻痹；二、手臂或下肢出现麻痹或疼痛；三、说话含糊不清；四、看东西模糊不清或出现重影
3009 3009 3009 1 紧急情况!你可能出现了大脑或神经系统疾病。
3010 3011 3012 0 你是否正在服用处方药或非处方药?
3011 3011 3011 1 你可能会出现了药物反应。给医生打电话，询间处方药或非处方药是否会引起眩晕。
3012 3013 3014 0 眩晕可能是由于摄入过多酒精或使用麻醉剂引起的。
3013 3013 3013 1 向医生寻求帮助吧。
3014 3015 3022 0 你是否正在使用麻醉剂或酒精?
3015 3016 3017 0 眩晕是否反复出现，耳边是否隆隆响，听觉出现了障碍?
3016 3016 3016 1 现在就给医生打电话吧。你可能患有严重的听觉障碍。
3017 3018 3019 0 眩晕是否持续了几个小时甚至几天?
3018 3018 3018 1 现在给医生打电话吧。你可能患了轻度内耳疾病。
3019 3020 3021 0 最近12小时内你是否乘坐了轮船或飞机?
3020 3020 3020 1 你的情况可能是由于暂时性位置移动引起的。
3021 3021 3021 1 如果症状持续3天以上，就给医生打电话。
3022 3023 3024 0 眩晕是否持续了至少数周?你是否感觉一侧耳朵失聪，面部疼痛或麻痹?
3023 3023 3023 1 如果症状持续3天以上，就去看医生吧。你可能出现了神经受损或耳部问题。
3024 3025 3030 0 眩晕是否同时伴有头痛?
3025 3026 3027 0 头痛之前是否突然感到眩晕?
3026 3026 3026 1 给医生打电话，你可能患了偏头痛。
3027 3028 3029 0 醒来或躺下时，是否头痛不止，而且更加剧烈?
3028 3028 3028 1 给医生打电话、你可能患了脑部疾病。
3029 3029 3029 1 如果症状持续两周以上，就去看医生吧。
3030 3031 3032 0 改变位置或快速扭头时，你是否会感觉眩晕？
3031 3031 3031 1 如果症状持续两周以上，就给医生打电话吧。
3032 3033 3034 0 这种情况可能是低血压引起的。迅速站起时是否会眩晕?
3033 3033 3033 1 如果眩晕持续两周以上，就给医生打电话吧。
3034 3034 3034 1 如果眩晕加重或持续两周以上，就给医生打电话吧。
4000 4001 4002 0 晚上你是否很难入睡?
4001 4001 4001 1 你可能患上了失眠症。如果你觉得有疑问，请给医生打电话。
4002 4003 4004 0 你是否每天都会犯困?
4003 4003 4003 1 给医生打电话。你可能患上了嗜睡或睡眠呼吸暂停综合征。
4004 4005 4006 0 你是否出现了以下是症状?一、便秘；二、疲劳；三、皮肤干燥；四、体重增加；五、容易感冒
4005 4005 4005 1 你可能患上了甲状腺功能减退。如果连续两周以上犯困，请给医生打电话。
4006 4007 4010 0 你是否有时会因为头痛而醒来?
4007 4008 4009 0 当你躺下时，是否感觉头更加痛了，是否感觉看不清楚东西?
4008 4008 4008 1 现在给医生打电话吧。你可能出现了脑部疾病。
4009 4009 4009 1 你可能出现了呼吸障碍，去看医生吧。
4010 4011 4012 0 你是否出现了少尿或无尿的症状，是否出现了肿胀和体重增加?
4011 4011 4011 1 现在就给医生打电话吧。你的肾可能出现问题了。
4012 4013 4014 0 你是否在服用处方药或非处方药?
4013 4013 4013 1 你可能出现了药物反应。咨询一下医生，那些处方药或非处方药是否会使你犯困。
4014 4015 4016 0 你是否服用了麻醉剂或饮酒过量?
4015 4015 4015 1 过量饮酒或使用麻醉剂都可能使你犯困。给医生打电话。
4016 4017 4018 0 你是否感觉伤心和抑郁?你是否更想睡觉或不难以入睡?
4017 4017 4017 1 你可能患了抑郁症。
4018 4018 4018 1 如果你持续1个多月犯困，就给医生打电话吧。
5000 5001 5004 0 头痛是否因头部受到重击引起?
5001 5002 5003 0 你是否出现了以下症状?一、呕吐或干呕；二、视物模糊；三、头昏；四、记忆减退
5002 5002 5002 1 紧急情况!现在就处理吧。你的脑部可能受到了损伤。
5003 5003 5003 1 如果头痛持续两天以上，请给医生打电话。
5004 5005 5007 0 你是否出现了以下症状？一、剧痛；二、呕吐或干呕；三、昏迷不清
5005 5006 5007 0 你是否出现了以下症状？一、体温超过了37.8℃；二、头向前倾时头痛加剧；三、颈部僵硬；四、视物模糊不清或出现重影
5006 5006 5006 1 紧急情况!赶快处理吧！你可能出现了脑脑部出血。
5007 5008 5013 0 是否出现了流涕不止或鼻塞，咽喉痛或咳嗽?
5008 5009 5010 0 是否出现了发热症状?
5009 5009 5009 1 头痛经常伴有轻微感染。如果头痛持续两天以上，就给医生打电话。
5010 5011 5012 0 头向前倾时是否出现了黄绿色或铁锈色鼻涕，头痛是否加剧？
5011 5011 5011 1 你可能出现了鼻窦感染。如果症状持续，就给医生打电话吧。
5012 5012 5012 1 如果症状持续，就给医更生打电话吧。
5013 5014 5025 0 是否呕吐或干呕?
5014 5015 5016 0 是否感觉头晕?
5015 5015 5015 1 紧急情况!现在就处理吧。你可能吸入了有毒气体。
5016 5017 5018 0 眼睛是否跳动、疼痛，并且伴有视物模糊症状?
5017 5017 5017 1 现在就给医生打电话吧。眼部可能压力过大，血压可能偏高。
5018 5019 5020 0 最近你是否饮酒过量?
5019 5019 5019 1 呕吐、干呕和头痛是饮酒过量的常见症状。
5020 5021 5022 0 你是否去高地旅行和锻炼了?
5021 5021 5021 1 头痛可能是由缺氧引起的。
5022 5023 5024 0 你最近是否去拉丁美洲、非洲或亚洲旅行了?
5023 5023 5023 1 你可能受到了感染，现在就给医生打电话吧。
5024 5024 5024 1 给医生打电话。你需要更多关注这一症状。
5025 5026 5027 0 你是否在服用处方药或非处方药或麻醉剂?
5026 5026 5026 1 你可能出现了药物反应。给医生打电话。咨询一下医生那些处方药或非处方药是否会导致头痛。
5027 5028 5029 0 你是否比平常喝更少的含咖啡因的咖啡、茶或饮料?
5028 5028 5028 1 咖啡因摄入突然减小或低于平常摄入的量，也可能导致头痛。
5029 5030 5031 0 头痛之前或头痛期间是否出现了以下症状：一、视力减退；二、恶心；三、疲劳
5030 5030 5030 1 你可能患了偏头痛。如果头痛持续两天以上或复发，就给医生打电话吧。
5031 5032 5033 0 头痛是否几天就会复发一次，接着数天或数月都不再出现?
5032 5032 5032 1 如果情况加重，就给医生打电话吧。
5033 5034 5035 0 你是否出现了以下症状？一、头部或颈部持续疼痛；二、压力感；三、睡眠问题
5034 5034 5034 1 头痛可能是由紧张或压力感引起的。给医生打电话吧。
5035 5035 5035 1 如果头痛加剧或持续两周以上，就给医生打电话吧。
6000 6001 6002 0 听觉受损是否发生在头部或耳部重击后?
6001 6001 6001 1 紧急情况!赶快处理吧!否则，耳朵会受到更大损伤。
6002 6003 6004 0 听觉受损时，你是否还乘坐了飞机或进行了潜水?
6003 6003 6003 1 紧急情况!赶快处理吧!否则，耳朵内部会受到更大损伤。
6004 6005 6006 0 听到噪声后是否出现了听觉受损?
6005 6005 6005 1 噪声可能会损害你的耳朵。24小时内如果还没有恢复正常，就给医生打电话吧。
6006 6007 6008 0 耳朵内外是否出现了疼痛，是否发热或鼻塞？
6007 6007 6007 1 你的耳朵可能受到了感染。给医生打电话。
6008 6009 6010 0 是否突然出现听觉受损?
6009 6009 6009 1 给医生打电话。听觉受损可能是耳垢引起的。
6010 6011 6012 0 你是否出现了头晕、呕吐或干呕的症状?
6011 6011 6011 1 给医生打电话。你的内耳或神经可能出现了问题。
6012 6013 6014 0 过去几周内，你是否服用了新药，特别是大剂量的阿司匹林、抗生素或利尿剂?
6013 6013 6013 1 这些药可能会带来副作用，给医生打电话吧。
6014 6015 6016 0 你是否注意到了你听低频率的声音有困难，或者在怀孕期间听觉受损加剧?
6015 6015 6015 1 你可能患了中耳听觉受损。现在就给医生打电话吧。
6016 6017 6018 0 你是否已到40岁，你是否很难听到低频率的声音?
6017 6017 6017 1 你的听觉受损可能是某些特殊情况引起的。给医生打电话吧。
6018 6019 6021 0 听觉受损是否在逐年加剧?
6019 6020 6021 0 你是否很难听到高频率的声音，你是否长期暴露在非常吵闹的环境中?
6020 6020 6020 1 如果症状持续两周以上，就给医生打电话。听觉受损可能是年龄增长或听觉受损引起的。
6021 6021 6021 1 你的耳朵里可能出现了耳垢或其他小问题。更多信息请参考如果听觉减退持续两周以上，就给医生打电话吧。
7000 7001 7002 0 耳鸣是否出现在你头部或耳部重击后?
7001 7001 7001 1 紧急情况!赶快处理吧!因为你的头部或者耳部已经受到了严重损伤。
7002 7003 7006 0 你是否处在吵闹的环境中?
7003 7004 7005 0 你的听党是否减退了?
7004 7004 7004 1 给医生打电话。
7005 7005 7005 1 如果症状持续两周以上，就给医生打电话吧。以后尽量避开嘈杂的环境，也可以使用一些护耳的工具保护一下耳朵。
7006 7007 7008 0 是否感到耳部有压力，并且伴有疼痛?
7007 7007 7007 1 更多信息请参考考与耳部压力或疼痛相关的内容。
7008 7009 7022 0 是否感到头晕目眩，失去平衡?
7009 7010 7011 0 是否很难活动四肢?是否出现了听觉障碍？
7010 7010 7010 1 现在就给医生打电话。你的症状可能是脑部严重损伤引起的。
7011 7012 7013 0 是否突然出现严重的头昏，并且伴有呕吐和干呕?
7012 7012 7012 1 给医生打电话吧。你可能患了内耳炎。
7013 7014 7015 0 你是否出现了以下症状？一、疲劳；二、呼吸急促；三、心悸
7014 7014 7014 1 给医生打电话吧。你可能患了高血压病或血液系统疾病。
7015 7016 7017 0 你最近是否乘坐飞机、去海拔高的地方或潜水了?
7016 7016 7016 1 气压变化可能会损害你的中耳。如果症状持续，请去看医生。
7017 7018 7019 0 你是否正在服用处方药或非处方药，比如阿司匹林、抗生素或利尿剂?
7018 7018 7018 1 你可能出现了药物反应。给医生打电话。咨询一下处方药或非处方药是否能引起耳鸣。
7019 7020 7021 0 你是否出现了以下症状？一、听觉受损；二、脸部疼痛或麻痹；三、关节疼痛
7020 7020 7020 1 现在给医生打电话。你的神经、骨骼可能出现了问题。
7021 7021 7021 1 如果症状持续两周以上，就给医生打电话吧。
7022 7023 7027 0 问题是否越来越严重？
7023 7024 7025 0 你是否已到60岁，是否能听得清低率的声音?
7024 7024 7024 1 你的听觉受损可能是年龄方面的原因引起的。如果症状加重，请去看医生。
7025 7026 7027 0 脸部是否出现了麻痹和疼痛?
7026 7026 7026 1 请去看医生。因为你的神经或骨骼可能出现了问题。
7027 7027 7027 1 如果情况严重且持续，请给医生打电话。
8000 8001 8002 0 你是否出现了以下症状？一、耳内有分泌物或出血；二、发热；三、耳朵肿胀；四、当把耳垂向下拉时，耳部疼痛加剧；五、流涕或者鼻塞
8001 8001 8001 1 去看医生吧，因为你可能感染了外耳炎或者中耳炎。也可能是耳膜出现了破裂。
8002 8003 8004 0 牙龈或下巴是否疼痛？
8003 8003 8003 1 去看牙医吧。你的牙齿或下巴可能出现了问题。
8004 8005 8010 0 你是否感到耳部堵塞，听力下降，咀嚼也无济于事?
8005 8006 8007 0 是否感冒了?
8006 8006 8006 1 尝试服用非处方药。如果症状持续1周以上，就给医生打电话吧。
8007 8008 8009 0 你最近是否坐了飞机，去了海拔高的地方，或者去潜水了?
8008 8008 8008 1 气压变化会对中耳造成伤害。如果症状持续，请去看医生。
8009 8009 8009 1 可能是耳垢堵塞。更多信息请参考有关如何除去耳垢的文章。如果症状持续，就给医生打电话。
8010 8011 8016 0 你的耳朵是否没有疼痛感，只是有压力?
8011 8012 8013 0 你患感冒了吗?出现过敏了吗?
8012 8012 8012 1 你的耳咽管可能被堵塞了。多喝水，并且服用减轻充血的药物。
8013 8014 8015 0 你最近是否乘坐飞机或潜水?
8014 8014 8014 1 你可能受到了轻微的气压伤。如果症状持续1周以上，请给医生打电话。
8015 8015 8015 1 你的耳朵可能被耳垢堵住了。如果症状持续1周以上，请给医生打电话。
8016 8017 8018 0 耳部或者头部最近是否受到了重击?
8017 8017 8017 1 请立即去看医生，你的耳朵可能受到了伤害。
8018 8019 8020 0 当你咀食物或者打哈欠时，疼痛是否会加剧?
8019 8019 8019 1 给牙医打电话。因为你的下巴可能出现了问题。
8020 8021 8022 0 你最近有没有乘坐飞机或者佩藏水中呼吸器潜水?
8021 8021 8021 1 请立即给医生打电话，你可能出现了气压伤。
8022 8022 8022 1 如果症状持续两周以上，请给医生打电话。
9000 9001 9003 0 你的下排牙齿、颈部或者下颌是否一直出现疼痛?
9001 9002 9004 0 你的胸部是否疼痛，是否伴有以下症状?一、颈部或者上肢出现疼痛或麻刺感；二、呼吸急促；三、头昏目眩；四、出汗
9002 9002 9002 1 紧急情况!现在赶快处理!你的心脏可能出现了问题。按打“120”，咀嚼并且吞服阿司匹林。
9003 9004 9009 0 是否有多颗牙齿疼痛?
9004 9005 9006 0 牙龈是否发红、肿胀或是者出血?
9005 9005 9005 1 给牙医打电话，因为你可能患了牙龈疾病。
9006 9007 9008 0 你的口腔或者面部的其他地方是否感觉疼痛，有压力，是否感到憋闷或者头痛?
9007 9007 9007 1 你的静脉窦可能出现了感染。如果这种症状持续，请给医生打电话。
9008 9008 9008 1 去看牙医吧，因为你的这些症状需要特别关注。
9009 9010 9013 0 疼痛是突然出现、持续存在还是呈抽痛样?
9010 9011 9012 0 你是否发热，牙龈否肿胀，颈部是否肿胀?
9011 9011 9011 1 去看牙医吧，因为你可能患上了牙龈肿胀。
9012 9012 9012 1 去看牙医吧，因为你可能患上了牙龈脓肿。
9013 9014 9017 0 当你阻嚼食物或者用牙咬食物时，牙齿是否疼痛?
9014 9015 9016 0 牙医最近有没有给你的牙齿装上填充物?
9015 9015 9015 1 填充物可能不平整。如果这种情况持续，就给牙医打电话吧。
9016 9016 9016 1 请给牙医打电话，因为你可能患上了牙龈脓肿。
9017 9018 9019 0 你的下巴是否疼痛，且咀嚼时还伴有“咔嗒”的声音和头痛感?
9018 9018 9018 1 请给牙医打电话，因为你的下巴关节处可能出现了问题。
9019 9020 9021 0 吃冷、热、甜的食物时牙齿是否疼痛?
9020 9020 9020 1 请给牙医打电话，因为你的牙齿上可能有小洞，或者是填充物损坏了。
9021 9021 9021 1 你可以暂时不处理这些症状。不过，如果症状持续1周以上或者加重，请给牙医打电话。
10000 10001 10002 0 腺体肿胀是否超过了2个月?
10001 10001 10001 1 现在就给医生打电话。因为你的免疫系统可能出现了问题，也可能是癌症的预兆。
10002 10003 10019 0 是否只有颈部腺体肿胀?
10003 10004 10005 0 你是否出现了以下症状?一、咽喉部有黄色或者白色异物；二、喉呢疼痛；三、体温超过37.8℃
10004 10004 10004 1 给医生打电话。咽喉或者牙齿可能受到了感染，患有单核细胞增生症或者其他病毒感染。
10005 10006 10007 0 你的噪子是否发哑，是否吞食困难或者疼痛，且这种症状持续超过1个月了?
10006 10006 10006 1 给医生打电话。你可能患了良性肿瘤或者恶性肿瘤。
10007 10008 10009 0 耳朵前部或者下部，或者下巴以下是否肿胀?
10008 10008 10008 1 给医生打电话，因为唾液腺可能出现了问题。
10009 10010 10011 0 舌头下部是否感到疼痛，口中是否发苦?
10010 10010 10010 1 给医生打电话，因为唾液腺可能出现了问题。
10011 10012 10013 0 你的牙齿或者牙龈是否疼痛?
10012 10012 10012 1 更多信息请参考与牙痛相关的内容。
10013 10014 10015 0 你的耳朵是否疼痛?
10014 10014 10014 1 更多信息请参考与耳痛或压力相关的内容。
10015 10016 10017 0 你的嘴唇或者牙龈是否出现了溃疡?
10016 10016 10016 1 你的口腔可能受到了感染。如果症状加重，请给医生打电话。
10017 10018 10019 0 颈前部是否肿胀?肿胀处是否刚好在喉结的下面或者旁边?
10018 10018 10018 1 给医生打电话。因为你的甲状腺可能发炎或出现了肿瘤。
10019 10020 10021 0 皮肤上是否出现了皮疹或者红肿，关节是否肿胀、僵硬或有痛感?
10020 10020 10020 1 给你的医生打电话。你的关节可能受到了感染或发炎了。
10021 10022 10024 0 腹股沟处腺体是否肿胀？
10022 10023 10024 0 是否感觉生殖器疼痛?
10023 10023 10023 1 更多信息请参考与疼痛、生殖器分泌物相关相关的内容。
10024 10024 10024 1 如果腺体肿胀超过3周，就给医生打电话。
11000 11001 11002 0 你是否感觉用嘴巴呼吸很困难，呼吸时是否会过多地流口水或者喉咙尤其疼痛?
11001 11001 11001 1 紧急情况!赶快处理吧!喉部可能受到了感染。
11002 11003 11004 0 你是否发热(37.8℃以上)，颈部腺体肿大，或者咽后壁有黄色或者白色异物?
11003 11003 11003 1 给医生打电话。你可能受到了细菌感染或者患了单核细胞增多症。
11004 11005 11008 0 你是否流涕、鼻塞或咳嗽?
11005 11006 11007 0 鼻腔中的分泌物是否又浓又绿?你是否咳出了绿色的痰?
11006 11006 11006 1 给医生打电话。因为鼻窦或者肺部可能受到了感染。
11007 11007 11007 1 你可能过敏了。服用非处方抗组胺剂药片。如果症状持续两周以上，就给医生打电话。
11008 11009 11010 0 嗓音是否发哑?
11009 11009 11009 1 你的声带有可能发炎了。
11010 11011 11012 0 咽喉是否疼痛，感到酸胀，是否伴有胃为热感?
11011 11011 11011 1 你的咽喉中可能有由胃酸引起的刺激，请服用抗酸药。如果咽喉持续疼痛两周以上，尽管你已经治疗了，也要给医生打电话。
11012 11013 11014 0 咽喉疼痛是否持续两周以上?
11013 11013 11013 1 给医生打电话。因为你可能受到了轻微感染。但轻微的感染也有可能出现大问题。
11014 11014 11014 1 你的咽喉很可能感染了。如果咽喉持续两周以上疼痛，就给医生打电话。
12000 12001 12007 0 你的眼睛是否突然感到剧痛?
12001 12002 12003 0 你是否出现过以下症状?一、眼睛或头部受创伤；二、眼中有异物；三、化学物品溅到眼睛里
12002 12002 12002 1 紧急情况！赶快处理!否则，你的眼晴会严重受损。在接受紧急救治之前，用干净的水清洗眼睛。
12003 12004 12005 0 你是否头痛得厉害，并出现以下症状?一、呕吐和干呕；二、发热；三、视物模糊；四、头昏目眩；五、颈部僵硬
12004 12004 12004 1 紧急情况!赶快处理。你的脑部或者眼睛可能出了问题。
12005 12006 12007 0 你最近有没有感冒并且出现过敏症状?当你把头前倾时，疼痛是否加重?
12006 12006 12006 1 你可能染上了鼻突炎。如果症状持续，就给医生打电话。
12007 12008 12012 0 眼睛疼痛时是否还伴有头痛?
12008 12009 12010 0 你是否出现了以下症状?一、散光；二、对光敏感；三、呕吐或干呕
12009 12009 12009 1 紧急情况!赶快处理!你的眼睛可能出现了问题。
12010 12011 12012 0 你是否出现了以下症状?一、散光；二、呕吐或干呕；三、一侧眼睛流泪，鼻子堵塞
12011 12011 12011 1 给医生打电话。你可能患了偏头痛。更多信息请参考与头痛相关的关的内容。
12012 12013 12015 0 你的眼晴是否疼痛，并且伴有以下症状?一、视物模糊；二、眼睛发红、发痒、潮湿；三、对光敏感
12013 12014 12015 0 这些症状是否持续两天以上?
12014 12014 12014 1 现在就给医生打电话。这些症状可能是眼睛问题引起的。更多信息请参考眼部分泌物、视力减退相关的内容。
12015 12016 12019 0 眼皮是否起了水疱、肿胀并起了脓包?
12016 12017 12018 0 眼皮是否呈硬皮样或鳞屑样，并伴有灼烧感，对光线敏感?
12017 12017 12017 1 给医生打电话。你的眼皮或角膜可能发炎了。
12018 12018 12018 1 如果症状持续两天以上，请给医生打电话。因为你可能患上了睑板腺囊肿或者睑腺炎。
12019 12020 12021 0 你的眼睛是否经常感觉潮湿，眼睛里是否有硬的黄色异物排出?
12020 12020 12020 1 更多信息请参考与眼部分泌物相关的内容。
12021 12022 12023 0 你的眼睛是否肿胀或疼痛?
12022 12022 12022 1 现在就给医生打电话。这些症状可能是增生、炎症或者甲状腺紊乱引起的。
12023 12024 12025 0 你的眼皮是否下垂并且伴有以下症状?一、脸部、手臂或者下肢无力；二、耳疼；三、吞咽困难；四、呼吸困难；五、眼睛潮湿
12024 12024 12024 1 现在就给医生打电话。你的神经或者肌肉现了问题。
12025 12026 12027 0 白眼上有没有出现并没影响你钱力的血红色斑点?
12026 12026 12026 1 你眼睛里的血管可能受损了。这得花费约两周的时间慢慢治疗。
12027 12028 12032 0 你眼晴干涩吗?
12028 12029 12030 0 夜晚你的视力是否很差，并且伴有以下症状?一、没有食欲；二、腹泻；三、粪便恶臭，呈黄色；四、软弱无力
12029 12029 12029 1 给医生打电话。你可能出现了吸收障碍问题。
12030 12031 12032 0 你是否感到嘴唇干燥，皮肤干燥，关节疼痛?
12031 12031 12031 1 给医生打电话。你的自身免疫系统可能出现了问题。
12032 12032 12032 1 如果症状持续两周以上或者加重，就给医生打电话。
13000 13001 13002 0 一侧或两侧眼睛是否出现了以下症状?一、视力减退；二、看东西出现重影；三、眼睛有被遮盖感或阴影；四、光晕；五、对光极其敏感
13001 13001 13001 1 紧急情况！赶快处理吧!你的眼睛可能受伤了。
13002 13003 13004 0 即使你的视力现在很好，你的眼是否时而失去大部分甚至全部视力，且这种情况会持续数分钟?
13003 13003 13003 1 现在就给区生打电话。你可能患上了脑卒中。
13004 13005 13014 0 你的视力是否持续出现模制现象已长达几个月?
13005 13006 13007 0 这是否主要出现在外围视力？
13006 13006 13006 1 给医生打电话、你的症状可能是由于眼睛内压力增加、视网膜分离或者肿瘤引起的。
13007 13008 13009 0 你是否尿频，家族中是否有糖尿病患者?
13008 13008 13008 1 给医生打电话，你的症状可能是糖展病引起的。
13009 13010 13011 0 你是否出现了以下症状?一、视力模糊；二、在强光下时视力更加模糊；三、晚上开车有困难；四、难以辨别颜色
13010 13010 13010 1 给医生打电话。因为你的情况可能源于白内障。
13011 13012 13013 0 你服用了处方药或者非处方药之后，视力是否变得越来越模糊？
13012 13012 13012 1 给医生打电话。因为你可能出现了药物反应。
13013 13013 13013 1 给眼科医生打电话。因为你可能需要配矫正眼镜或者更换眼镜。
13014 13015 13016 0 你是否出现了以下症状?一、眼睛分泌物过多；二、眼睛发痒；三、眼皮肿胀；四、对光敏感
13015 13015 13015 1 你的眼睛可能发炎了。如果症状持续两天以上，就给医生打电话。
13016 13017 13018 0 头痛时是否伴有眼前闪光、呕吐或干呕?
13017 13017 13017 1 给医生打电话，医为你可能患上了偏头痛。
13018 13019 13026 0 看物体时是否会有重影?
13019 13020 13021 0 眼睛是否肿胀?
13020 13020 13020 1 现在就给医生打电话。以上症状可能是由于增生、眼部发炎以及甲状腺功紊乱引起的。
13021 13022 13023 0 你是否有以下症状?一、眼睑下垂；二、吞咽食物困难；三、呼吸困难；四、手臂或下肢无力
13022 13022 13022 1 现在就给医生打电话。你的肌肉可能出现了问题。
13023 13024 13025 0 眼睛是否能够请楚地看到物体，两只眼猜的视线是否有交叉?
13024 13024 13024 1 给医生打电话。你的症状可能是肌肉引起的。
13025 13025 13025 1 给医生打电话。这些症状必须引起医生的重视。
13026 13027 13028 0 你的视力在夜间是否很差?是否伴有以下症状？一、眼睛干涩；二、无食欲；三、腹泻或者粪便呈黄色或绿色；四、体乏无力
13027 13027 13027 1 给医生打电话。你可能出现了吸收障碍。
13028 13028 13028 1 如果症状持续两周以上，或者情况加重，就给医生打电话。
14000 14001 14002 0 眼中出现分泌物的同时，是否伴有以下症状？一、呼吸极度困难；二、面部或手部肿胀；三、发痒或荨麻疹
14001 14001 14001 1 紧急情况!现在就处理吧!你可能出现了过敏反应。
14002 14003 14004 0 你是否出现了以下症状?一、眼睑下垂；二、面部一侧无力；三、耳痛
14003 14003 14003 1 现在就咨询医生吧。你可能患了脑卒中或神经失调。
14004 14005 14006 0 一例或者两侧眼睛是否发红，是否有黄色黏液，是否发痒或疼痛？
14005 14005 14005 1 现在就咨询医生。你的眼睛可能受到了感染。
14006 14007 14013 0 一例或者两侧眼睑是否肿胀，是否出现了丘疹和肿块?
14007 14008 14009 0 眼睑是否发硬并出现了鳞片，是否有灼热感，是否对光线敏感?
14008 14008 14008 1 咨询医生吧。因为你的眼睑有可能发炎了。
14009 14010 14011 0 眼睑是否出现了疱疹并且疼痛?
14010 14010 14010 1 你可能患了眼腺炎。可以対眼睑进行热敷。
14011 14012 14013 0 眼睑是否出现了水疱？
14012 14012 14012 1 咨询医生吧。因为你可能染了疱疹病毒。
14013 14014 14015 0 眼睛是否发红、流泪，受感眼睛一侧的头部是否疼痛?
14014 14014 14014 1 你可能患了偏头痛。吃点止痛药。如果症状持续，就咨询医生吧。
14015 14016 14017 0 是否流涕、鼻塞，是否咳嗽、咽喉痛?
14016 14016 14016 1 你很可能患了感冒。
14017 14018 14019 0 眼睛是否潮湿并且伴有以下症状?一、眼睛疼痛；二、视物模糊不清；三、对光敏感
14018 14018 14018 1 现在就咨询医生。这些症状可能是由一些眼部疾病引起的。
14019 14019 14019 1 如果症状加重或者持续1个月以上，就咨询医生。
15000 15001 15002 0 头发或身体其他部位的毛发是否突然脱落很多？
15001 15001 15001 1 咨询医生吧。你的皮肤或者激素分泌可能失调了。
15002 15003 15016 0 头发是否越来越少了？
15003 15004 15005 0 你是否服用了避孕药?
15004 15004 15004 1 女性服用避孕药时会出现少量掉发的现象。如果你觉得头发掉得太多，就咨询医生吧。
15005 15006 15007 0 你是否服用了其能处方药或非处方药?
15006 15006 15006 1 你可能出现了药物反应，咨询医生吧!问问医生药物是否导致了脱发。
15007 15008 15009 0 过去的3个月内你是否刚经历了分娩?
15008 15008 15008 1 由于分娩之后激素分泌回归正常状态，所以这时掉发是很正常的现象。
15009 15010 15011 0 你是否刚从伴有发热的疾病中恢复出来?
15010 15010 15010 1 有时，发热过后会出现掉发现象。一般而言，几个月后，体的头发就会恢复正常。
15011 15012 15013 0 你是否出现了以下症状?一、皮肤干燥；二、体重增加；三、全身疲劳或者肌肉无力；四、异常怕冷
15012 15012 15012 1 咨询你的医生吧。因为你的甲状腺分泌可能失调了。
15013 15014 15015 0 你是否出现了以下症状?一、肥胖；二、开始生痤疮；三、体毛脱落；四、月经周期改变
15014 15014 15014 1 咨询医生吧。因为你的激素分泌可能出现了紊乱。
15015 15015 15015 1 不管是男性还是女性都可能出现脱发或者秃顶现象。
15016 15017 15018 0 你是否经常使用护发素或者各种定型技术拉扯头发?
15017 15017 15017 1 你可能会毁了你的秀发。停止使用那些产品并且观察头发是否有所恢复。
15018 15018 15018 1 如果症状持续1个月以上就咨询医生吧。
16000 16001 16006 0 背部疼痛是否出现在受到重击、或者做完累人的工作或举重后?
16001 16002 16003 0 你是否很难控制住你的手臂、下肢的活动?
16002 16002 16002 1 紧急情况！现在就处理吧！你的脊髓可能受到了损伤。
16003 16004 16005 0 你的一侧手臂或者下肢是否出现了疼痛、刺痛或麻木感?
16004 16004 16004 1 去咨询医生吧。你的肌肉、骨骼或神经可能受到了损伤。
16005 16005 16005 1 的背部可使扭伤或者劳损。如果症状持续，就去咨询医生吧。
16006 16007 16008 0 脊柱是否弯曲，是否畸形?
16007 16007 16007 1 现在就咨询医生。因为你的骨骼可能出现问题，并且需要立即治疗了。
16008 16009 16010 0 当你刚睡醒或者工作日附结束时，脊柱是否疼痛和僵硬？
16009 16009 16009 1 疼痛可能是由于背部用力不当造成的，也可能是工作时姿势不对造成的。
16010 16011 16012 0 你是否肥胖?
16011 16011 16011 1 过重的体重会压迫背部。阅读一下关于怎样减肥的文章吧。
16012 16013 16014 0 你是否已过了40岁？
16013 16013 16013 1 咨询医生。因为你的关节或者骨骼可能出现问题了。
16014 16015 16022 0 你的背部疼痛是否伴随有阵发性腹痛或骨盆痛？
16015 16016 16017 0 你是否出现了以下症状?一、尿频或小便时有灼烧感；二、尿中带血；三、发热
16016 16016 16016 1 更多信息请参考与跟尿频或者尿痛、尿中带血相关的内容。
16017 16018 16019 0 疼痛是否出现在月经期前后?
16018 16018 16018 1 更多信息请参考与痛经、月经过多、月经不调相关的内容。
16019 16020 16021 0 是否突然疼痛，疼痛是否经常出现在饭后?
16020 16020 16020 1 是现在就咨询医生。你的腹部可能患病了。
16021 16021 16021 1 咨询医生吧。你的这些状需要进一步诊断。
16022 16023 16028 0 你是否发热？
16023 16024 16025 0 肌肉和关节是否疼痛?是否伴有咽喉痛、咳嗽和流涕？
16024 16024 16024 1 你的吸道可能受到了感染。如果症状持续，请咨询医生。
16025 16026 16027 0 你是否出现了以下症状?一、只要一活动背部就会疼痛；二、疼痛持续不断；三、有过糖病病史或者使用过静脉药物
16026 16026 16026 1 现在就咨询医生。因为你可能受到了感染。
16027 16027 16027 1 咨询医生。你需要医生关注这些症状。
16028 16029 16030 0 背部下端和臀部是否疼痛、僵硬，特别是休息或者坐久了之后?早上是否感觉僵硬，且时长在1个小时以上?
16029 16029 16029 1 去咨询医生吧。你可能患关节炎了。
16030 16031 16034 0 臀部或者下肢是否疼痛?
16031 16032 16033 0 疼痛是否放射至下肢?
16032 16032 16032 1 去咨询医生吧。你的坐骨神经可能受到了损伤。
16033 16033 16033 1 去咨询医生吧。你需要医生关注这些症状。
16034 16035 16040 0 背部疼痛是否伴随有身体其他部位的疼痛、僵硬或无力，是否还出现了全身酸软无力的症状?
16035 16036 16037 0 你是否出现了以下症状?一、消化不良；二、恶心或干呕，无食欲；三、容易口渴，尿液增多
16036 16036 16036 1 现在就咨询医生。你可能患了甲状旁腺功能亢进。
16037 16038 16039 0 你是否出现了不明原因的严重疼痛、疲惫以及体重减轻症状?
16038 16038 16038 1 现在就咨询你的医生。你的骨髓可能出现了异常。
16039 16039 16039 1 咨询医生吧。你需要医生关注这些症状。
16040 16041 16042 0 身体的一侧是否出现了皮疹，这些皮疹是否灼烧且令人发痒?
16041 16041 16041 1 咨询医生吧。
16042 16043 16044 0 你是否感觉麻木、刺痛或者肌肉无力?
16043 16043 16043 1 更多信息请参考与麻木或者刺痛相关的内容。
16044 16044 16044 1 如果症状持续1个月以上，就咨询医生吧。
17000 17001 17004 0 疼痛是否出在重击、受伤或者摔倒之后?
17001 17002 17003 0 臀部是否出现了肿胀、畸形、严重受损或流血，是否难以动弹?
17002 17002 17002 1 紧急情况！现在就处理吧!你可能出现了骨裂或者错位。
17003 17003 17003 1 你可能受到了扭伤、碰伤或劳损。如果症状持续，就咨询医生吧。
17004 17005 17008 0 疼痛是否为突发性的?
17005 17006 17007 0 你是否服用了某种药物?你是否患有镰状细胞性贫血?
17006 17006 17006 1 咨询医生吧。你可能患上了因骨骼血液减少导致的血管疾病。
17007 17007 17007 1 你可能受到了扭伤和劳损。服用阿司匹林或者布洛芬。如果症状加重或持续，就咨询医生吧。
17008 17009 17010 0 疼痛是否出现在劳累、运动或者重复动作的工作之后?
17009 17009 17009 1 肌建可能发炎了。服用阿司匹林或布洛芬。如果症状加重或者持续，就咨询医生吧。
17010 17011 17014 0 臀部或者其他部位是否出现了疼痛?
17011 17012 17013 0 你发热是否超过了37.8℃，是否出了皮疹?你最近是否生病了?
17012 17012 17012 1 现在就咨询你的医生。你可能受到了感染。
17013 17013 17013 1 咨询医生。因为你的关节可能发炎了。
17014 17015 17020 0 是否只有臀部一侧疼痛?
17015 17016 17017 0 是否出现了肿块，而且在夜里疼痛更明显?是否毫无原因你的体重就减轻了？
17016 17016 17016 1 现在就咨询医生。你可能患了肿瘤。
17017 17018 17019 0 你是否发热378℃以上?是否出现了皮疹，最近是否生过病?
17018 17018 17018 1 现在就咨询医生。你可能受到了感染。
17019 17019 17019 1 服用阿司匹林或布洛芬吧。如果症状持续，就咨询医生吧。
17020 17021 17022 0 你是否已经过了40岁?
17021 17021 17021 1 咨询医生。你的关节可能出现了异常。
17022 17022 17022 1 服用阿司匹林或布洛芬。如果症状加重或者持续，就咨询医生吧。
18000 18001 18006 0 疼痛是否出现在重击或者受伤过后?
18001 18002 18003 0 你的膝盖是否肿胀、畸形、严重青肿或流血而无法负重?
18002 18002 18002 1 紧急情况!现在就处理吧！你可能出现了骨裂或错位。
18003 18004 18005 0 膝盖是否无法活动?
18004 18004 18004 1 咨询医生吧。你的韧带或软骨组织可能受到了损伤。
18005 18005 18005 1 你可能扭伤或碰伤了。予以局部制动、冰敷、压迫及抬高。如果症状持续，就咨询医生吧。
18006 18007 18008 0 你是否患了血友病或者镰状细胞性贫血?
18007 18007 18007 1 紧急情况！现在就处理吧。
18008 18009 18010 0 剧烈体力活动或者运动过后，是否疼痛?
18009 18009 18009 1 你的肌腱可能发炎了。服用阿司匹林或布洛芬。如果症状持续两周以上，就咨询医生吧。
18010 18011 18014 0 双膝或者其他关节是否肿胀或发红?
18011 18012 18013 0 发热是否超过37.8℃，是否出现了皮疹，最近是否生过病?
18012 18012 18012 1 现在就咨询医生。你可能受到了感染。
18013 18013 18013 1 咨询医生吧。你的关节可能发炎了。
18014 18015 18018 0 是否只有一侧膝盖出现肿胀、发红?
18015 18016 18017 0 发热是否超过37.8℃，是否出现了皮疹，最近是否生过病?
18016 18016 18016 1 现在就咨询医生。你可能受到了感染。
18017 18017 18017 1 咨询医生吧。你可能发炎了。
18018 18019 18020 0 你是否已过了40岁?
18019 18019 18019 1 咨询医生吧。你的关节或骨骼可能出现了异常。
18020 18021 18022 0 你是否超重?
18021 18021 18021 1 超重可能给关节造成了压力。请阅读关于如何减肥的文章。
18022 18022 18022 1 服用阿司匹林或布洛芬。如果症状持续两周以上或者加重，就咨询医生吧。
19000 19001 19004 0 疼痛是否在重击或者受伤过后?
19001 19002 19003 0 手腕、手或者手指是否肿胀、严重受损或流血，是否不能动弹?
19002 19002 19002 1 紧急情况!现在就处理吧！你可能出现了骨裂或错位。
19003 19003 19003 1 你可能受到了扭伤或压力。如果肿胀持续，就咨询医生吧。
19004 19005 19008 0 手腕、手臂、肘部或手指是否肿胀、发红，是否出现了多个关节僵硬的症状?
19005 19006 19007 0 你是否发热超过37.8℃?你最近是否患过病?
19006 19006 19006 1 现在就咨询医生。你可能受到了感染。
19007 19007 19007 1 咨询医生吧。你的关节可能发炎了。
19008 19009 19012 0 是否只有一侧手腕、手或手指出现了肿胀或者发红症状?
19009 19010 19011 0 发热是否超过37.8℃，是否出了皮疹，最近是否患过病?
19010 19010 19010 1 现在就咨询医生，你可能受到了感染。
19011 19011 19011 1 咨询医生吧。你的身体可能有炎症。
19012 19013 19014 0 你是否已过了40岁?
19013 19013 19013 1 服用阿司匹林或布洛芬。如果症状持续两周以上，就咨询医生吧。
19014 19015 19020 0 你的手或者手臂是否刺痛、麻木?
19015 19016 19017 0 你的颈部、前臂或手指是否疼痛?
19016 19016 19016 1 咨询医生吧。你的颈部可能出现了异常。
19017 19018 19019 0 你的手指是否麻木或刺痛?
19018 19018 19018 1 咨询医生。你的手部神经可能出现了异常。
19019 19019 19019 1 如果症状加重，就咨询医生吧。
19020 19021 19022 0 天气寒冷时，指尖是否疼痛，且颜色发白或发紫?
19021 19021 19021 1 咨询医生吧。你可能患了结缔组织疾病。
19022 19022 19022 1 服用阿司匹林或布洛芬，如果症状持两周以上，就咨询医生吧。
20000 20001 20004 0 疼痛是否在重击或损伤过后?
20001 20002 20003 0 踝关节、脚或者脚趾是否出现了以下症状?一、肿胀；二、畸形；三、严重受损和流血；四、不能负重
20002 20002 20002 1 紧急情况!现在就处理吧!你可能是骨折或脱臼了。
20003 20003 20003 1 你可能受到了扭伤或碰伤。按照压迫及抬高步骤做。如果症状持续，就咨询医生。
20004 20005 20008 0 双脚踝、双脚或者脚趾是否肿胀或发红?
20005 20006 20007 0 发热是否超过了37.8℃，是否出现了皮疹?最近是否生过病?
20006 20006 20006 1 现在就咨询医生。你可能受到了感染。
20007 20007 20007 1 咨询医生。你的关节可能发炎了。
20008 20009 20014 0 是否只有一侧脚踝、脚或脚趾肿胀或发红?
20009 20010 20011 0 发热是否超过了37.8℃，是否出现了皮疹，最近是否生过病？
20010 20010 20010 1 现在就咨询医生。你可能受到了感染。
20011 20012 20013 0 大脚趾是否疼痛?
20012 20012 20012 1 咨询医生，你的关节可能发炎了。
20013 20013 20013 1 咨询医生吧。你的关节或肌腱可能发炎了。
20014 20015 20016 0 你是否已过了40岁?
20015 20015 20015 1 咨询医生吧。你的骨骼或者关节可能出现了异常。
20016 20017 20018 0 你是否超重?
20017 20017 20017 1 超重给关节带来了压力。请阅读与超重相关的文章。
20018 20019 20024 0 脚底或脚趾皮肤是否有粗糙的突出?
20019 20020 20021 0 是当你施压时，是否疼痛?
20020 20020 20020 1 脚上可能长了疣。如果情况加重，就咨询医生吧。
20021 20022 20023 0 脚趾是否像动物的爪状无法伸开?
20022 20022 20022 1 脚可能变形了。如果症状持续，就咨询医生吧。
20023 20023 20023 1 如果症状加重，就咨询医生吧。
20024 20025 20026 0 脚底和脚跟对否疼痛，特别是当你步行或跑步时?
20025 20025 20025 1 咨询医生吧。你的循环系统或韧带可能出现了问题。
20026 20027 20028 0 脚是否麻木、刺痛，并且疼痛向上蔓延到了腿部?
20027 20027 20027 1 更多信息请参考麻木或刺痛相关的内容。
20028 20028 20028 1 如果症状持续1个月以上，就咨询医生吧。
21000 21001 21004 0 你是否出现了剧烈疼痛，并且伴有以下症状?一、胸部、下巴、颈部或者手臂出现疼痛或麻木感；二、呼吸短促；三、眩晕或流汗
21001 21002 21003 0 体息几分钟后，是否依然疼痛?
21002 21002 21002 1 紧急情况!现在就处理吧!你可能是心脏病发作了。拨打“120，服用阿司匹林，然后喝一杯水;这可以稀释血液，帮助心脏获得更多血液。
21003 21003 21003 1 现在就咨询医生。你可能患上了心绞痛。
21004 21005 21008 0 疼痛是否出现在重击或者受伤过后?
21005 21006 21007 0 肩膀是否肿胀、畸形、受损严重、出血以致难以动弹?
21006 21006 21006 1 紧急情况！现在就处理吧!你可能出现了骨折或错位。
21007 21007 21007 1 你可能受到了扭伤或碰伤。如果症状持续，就咨询医生吧。
21008 21009 21012 0 劳累或者运动过后或者进行重复动作的工作后是否会痛?
21009 21010 21011 0 当你移动手臂时，肩关节是否无力、疼痛?
21010 21010 21010 1 肌腱可能发炎了。如果症状持续，就咨询医生吧。
21011 21011 21011 1 服用阿司匹林或布洛芬。如果症状持续两周以上，就咨询医生吧。
21012 21013 21014 0 最近肩部疼痛是否加剧，是否还导致了失眠问题?
21013 21013 21013 1 咨询医生吧。你的肩部可能发炎了。
21014 21015 21018 0 双肩或者其他关节是否肿胀、发红?
21015 21016 21017 0 发热是否超过37.8℃，是否出现了皮疹，最近是否生过病?
21016 21016 21016 1 现在就咨询医生。你可能受到了感染。
21017 21017 21017 1 咨询医生吧。你的关节可能发炎了。
21018 21019 21022 0 是否只有一侧肩膀肿胀或发红?
21019 21020 21021 0 发热是否超过37.8℃，是否出了皮疹，最近是否生过病?
21020 21020 21020 1 现在就咨询医生。你可能受到了感染。
21021 21021 21021 1 咨询医生吧。你的肩部可能发炎了。
21022 21023 21024 0 你是否已过40岁?
21023 21023 21023 1 服用阿司匹林或布洛芬。如果症状持续两周以上，就咨询医生吧。
21024 21025 21026 0 颈部、手或手臂是否肿是否肿胀或刺痛?
21025 21025 21025 1 咨询医生吧。因为你的颈部可能出现了异常。
21026 21026 21026 1 服用阿司匹林或布洛芬。如果症状持续两周以上，就咨询医生吧。
22000 22001 22002 0 当你醒来时，是否首先感觉到了颈部疼痛和僵硬?
22001 22001 22001 1 疼痛可能是由于睡姿不正确引起的。如果症状持续1天以上，就咨询医生吧。
22002 22003 22008 0 疼痛是否发生在重击或撞击颈或背部，或在繁重的工作后?
22003 22004 22005 0 四肢活动是否困难，是否出现了大、小便失禁?
22004 22004 22004 1 紧急情况！现在就处理吧!你的脊髓可能受到了损伤。
22005 22006 22007 0 手臂是否疼痛?
22006 22006 22006 1 咨询医生吧。你的颈部的肌肉或者骨骼可能受到了损伤。
22007 22007 22007 1 你的肌肉可能受到了轻微损伤。如果症状持续，就咨询医生吧。
22008 22009 22012 0 头痛是否很剧烈，是否感到恶心、头晕?
22009 22010 22011 0 你是否发热?当你把下巴触到胸部的位置时，是否感觉更加疼痛了?
22010 22010 22010 1 紧急情况!现在就处理吧!
22011 22011 22011 1 紧急情况！现在就处理吧!你的脑部可能发炎或出血了。
22012 22013 22014 0 你的坐姿或者站姿是否不正确?你是否长期保持一个姿势不变?
22013 22013 22013 1 你的肌肉可能受到了损伤。如果使用了放松疗法，按摩，服用阿司匹林或布洛芬后，症状依然持续，就咨询医生吧。
22014 22015 22022 0 腺体是否肿胀?颈部是否出现肿块?
22015 22016 22017 0 你是否发热，喉咙是否很痛?
22016 22016 22016 1 现在就咨询医生吧。你可能受到了病毒或细菌感染。
22017 22018 22019 0 喉结正下方是否肿胀，出现了肿块?
22018 22018 22018 1 咨询医生吧。你的甲状腺可能出了问题。
22019 22020 22021 0 你是否感到疲惫无力，体重突然减轻或者夜间盗汗?
22020 22020 22020 1 现在就咨询医生吧。你的淋巴腺可能长了肿瘤。
22021 22021 22021 1 咨询医生吧。肿胀需要引起医生的关注。
22022 22023 22027 0 长期以来的疼痛最近是否加重了?
22023 22024 22025 0 头向两侧转动或向下运动时是否感觉疼痛?
22024 22024 22024 1 颈部肌肉可能出现了痉挛。服用阿司匹林或布洛芬。如果症状加重或者持续两周以上，就咨询医生吧。
22025 22026 22027 0 活动颈部时，是否有“嘎吱嘎吱”的声音?手臂或手是否有麻木感或刺痛感?
22026 22026 22026 1 你的颈椎功能可能退化了。如果疼痛严重，就咨询医生吧。
22027 22027 22027 1 服用阿司匹林或布洛芬。如果症状持续两周以上或者加重，就咨询医生吧。
23000 23001 23004 0 麻木或刺痛是否在头部、颈部或者背部受到重击后?
23001 23002 23003 0 四肢活动是否困难，是否出现了大、小便失禁？
23002 23002 23002 1 紧急情况!现在就处理吧!重击可能会损害你的脊柱。
23003 23003 23003 1 咨询医生吧。你的肌肉、骨骼或者神经可能受到了损伤。
23004 23005 23006 0 你是否出现了以下症状?一、面部一侧麻木；二、困惑；三、言语不清；四、走路有困难
23005 23005 23005 1 紧急情况!现在就处理吧!你的大脑可能出现了严重问题。
23006 23007 23008 0 当你保持一个坐姿很久或当你醒来时，是否有麻木和刺痛感?
23007 23007 23007 1 这是神经严重受压的常见后果。变换坐姿，多做运动。
23008 23009 23013 0 是否仅在手或手臂出现了麻木和疼痛?
23009 23010 23011 0 你的颈部、前臂或手指是否疼痛?
23010 23010 23010 1 可能是颈上神经受压。如果症状加重或持续两周以上，就咨询医生吧。
23011 23012 23013 0 麻木和刺痛是否由重复动作的工作引起的?
23012 23012 23012 1 手部的神经可能受到了挤压。如果症状持续两周以上，就咨询医生吧。
23013 23014 23019 0 脚部是否麻木或刺痛?
23014 23015 23016 0 尿量是否增多，是否尿频?
23015 23015 23015 1 咨询医生吧。你可能患上了糖尿病或小神经受到了损害。
23016 23017 23018 0 当你站立或走路时，是否有持续麻木感或疼痛感。当你坐下时，是否缓解了。
23017 23017 23017 1 咨询医生吧。你的脊椎神经可能出了问题。
23018 23018 23018 1 如果症状持续两周以上，就咨询医生吧。
23019 23020 23021 0 身体的某一部位是否有刺痛感，并且出现了小的水疱状皮疹?
23020 23020 23020 1 咨询医生吧。你的神经可能出现了问题。
23021 23022 23024 0 刺痛感是否持续了数年或数月?
23022 23023 23024 0 近亲是否出现了类似的情况?
23023 23023 23023 1 咨询医生吧。你的神经病变可能是遗传的。
23024 23024 23024 1 如果症状持续4周以上，就咨询医生吧。
24000 24001 24006 0 指甲是否疼痛?
24001 24002 24003 0 疼痛是否为突发性的，指甲周围是否长有水疱，手臂是否肿胀?
24002 24002 24002 1 咨询医生吧。你的指甲可能出现了疱疹感染。
24003 24004 24005 0 指甲周围的皮肤是否发红或发痒?
24004 24004 24004 1 你的皮肤很可能发炎了。如果出现了脓液，或者肿胀持续1周，就咨询医生吧。
24005 24005 24005 1 如果肿胀持续两周以上，或者肿胀加重，就咨询医生吧。
24006 24007 24008 0 指甲周围的皮肤是否发红、凸起，出现了皮肤鳞片，指甲上是否有斑点?
24007 24007 24007 1 你的皮肤可能出了问题。如果肿胀持续，就咨询医生吧。
24008 24009 24013 0 脚趾甲是否疼痛?
24009 24010 24011 0 大脚趾的趾甲是否疼痛?
24010 24010 24010 1 适当修剪趾甲或穿合适的鞋子都会起到一定作用。如果症状持续，就咨询医生吧。
24011 24012 24013 0 脚趾甲是否又厚又黄?
24012 24012 24012 1 如果症状持续或你不喜欢现在的趾甲，就咨询医生吧。
24013 24013 24013 1 如果症状持续两周以上或者加重，就咨询医生吧。
25000 25001 25014 0 你近期嗽了吗?
25001 25002 25003 0 你是否持续以下症状?一、呼吸极度困难；二、面部或咽喉肿胀；三、咽喉发痒
25002 25002 25002 1 紧急情况！现在就处理吧!你可能出现了过敏反应或其他严重问题。
25003 25004 25005 0 你是否咳血?
25004 25004 25004 1 紧急情况!现在就处理吧!
25005 25006 25007 0 你是否干咳，并且伴有呼吸短促或哮喘症状？
25006 25006 25006 1 现在就落询医生吧。因为你可能患了哮喘。
25007 25008 25009 0 是否只有当你暴露在冷空气中或锻炼的时候，才开始咳嗽?
25008 25008 25008 1 现在就咨询医生吧。你可能患了轻微哮喘。
25009 25010 25011 0 你是否出现了以下症状?一、体温超过了37.5℃；二、咳出黄绿色黏痰；三、深呼吸时胸部疼痛
25010 25010 25010 1 咨询医生吧，因为你可能受到了细菌感染。
25011 25012 25013 0 你是否出现了以下症状?一、流涕；二、咽喉疼痛；三、咳嗽时痰少；四、全身乏力
25012 25012 25012 1 你的上呼吸道可能受到了感染。如果症状持续两周以上或者体温超过38℃，就咨询医生吧。
25013 25013 25013 1 如果症状持续两周以上或者体温超过38℃，就咨询医生吧。
25014 25015 25021 0 你是否患有慢性咳嗽，你抽烟吗?
25015 25016 25017 0 是否很少咳出痰，嗓音是否沙哑？
25016 25016 25016 1 咳嗽很可能是由抽烟引起的。向医生寻求帮助，尽快戒烟。
25017 25018 25019 0 当你活动时是否呼吸短促，这种症状是否持续了至少3个月？
25018 25018 25018 1 咨询医生吧。你可能患上了慢性阻塞性肺病。
25019 25020 25021 0 你是否出现了以下症状?一、咳血；二、胸部疼痛；三、无食欲；四、无缘无故体重变轻
25020 25020 25020 1 现在就咨询医生。你可能患上了肺癌或肺结核。
25021 25022 25032 0 你是否患有慢性咳嗽?
25022 25023 25024 0 你是否出现了以下症状?一、发热；二、盗汗；三、体重变轻；四、有肺结核病史；五、与肺结核患者有过接触
25023 25023 25023 1 现在就咨询医生吧。可能患上了肺结核。
25024 25025 25026 0 你是否出现了以下症状?一、有心脏病病史；二、躺下时咳嗽加重；三、下肢肿胀
25025 25025 25025 1 现在就咨询医生吧。你可能患上了充血性心力衰竭。
25026 25027 25028 0 当你暴露在冷空气中或当你运动时，是否会咳嗽？
25027 25027 25027 1 咨询医生吧。你可能患上了轻微的哮喘。
25028 25029 25030 0 你是否服用了治疗高血压的血管紧张素转换酶抑制剂?
25029 25029 25029 1 服用血管紧张素转换酶抑剂可能会产生副作用。咨询一下医生，药物是否会引起咳嗽。
25030 25031 25032 0 你是否暴露在了有烟或受到了污染的空气中?
25031 25031 25031 1 你可能是因为吸入了二手烟和污染粒子才咳嗽的。
25032 25032 25032 1 如果症状加重或者持续1个月以上，就咨询医生吧。
26000 26001 26012 0 近期是否出现了呼吸短促?
26001 26002 26003 0 你是否出现了以下症状?一、面部或咽喉肿胀；二、咽喉发痒
26002 26002 26002 1 紧急情况！现在就处理吧!你可能出现了过敏反应。
26003 26004 26005 0 深呼吸时，胸部是否疼痛，体息几分钟后，是否仍然疼痛?
26004 26004 26004 1 紧急情况！现在就处理吧!你的心脏或肺部可能出现严重问题。
26005 26006 26007 0 呼吸是否严重因难？
26006 26006 26006 1 紧急情况！现在就处理吧!你的肺部或心脏可能出了严重问题。
26007 26008 26009 0 你是否出现了以下症状?一、头晕目眩；二、突然极度恐慌；三、嘴唇或手刺痛；四、出汗；五、心跳加速
26008 26008 26008 1 如果症状持续或时常发生，就咨询医生吧。
26009 26010 26011 0 是否出现了以下症状?一、体温超过37.5℃；二、咳出黄绿色黏痰；三、由于呼吸引起的胸部疼痛
26010 26010 26010 1 咨询医生。你可能感染了细菌。
26011 26011 26011 1 咨询医生，你的症状需要引起关注。
26012 26013 26019 0 是否长期呼短促，伴或不伴咳嗽?
26013 26014 26015 0 你是否出现了以下症状?一、发热；二、盗汗；三、无食欲；四、体重减轻；五、咳血；六、有肺结核病史
26014 26014 26014 1 现在就咨询医生。你可能患了肺部肿瘤、肺脓肿或肺结核。
26015 26016 26017 0 你是否出现了以下症状?一、呼吸短促或者咳嗽，当躺下时愈严重；二、腿部肿胀；三、有心脏病病史
26016 26016 26016 1 现在就咨询医生。你可能患上了充血性心力衰竭。
26017 26018 26019 0 活动后是否呼吸短促，且咳嗽有痰至少持续了3个月？
26018 26018 26018 1 咨询医生，你的呼吸道可能受到了感染。
26019 26020 26021 0 是否呼吸短促，且伴有喘息?
26020 26020 26020 1 更多信息请参考与喘息相关的内容。
26021 26022 26023 0 你肥胖吗(体脂率超过25%)?
26022 26022 26022 1 咨询医生吧。体重超重可能给肺部造成了压力。
26023 26023 26023 1 如果症状加重或症状持续两周以上，就咨询医生吧。
27000 27001 27002 0 呼吸是否极度困难?
27001 27001 27001 1 紧急情况!现在就处理吧!你的心脏和肺部可能出了严重问题。
27002 27003 27004 0 你是否有轻微的呼吸短促症状?
27003 27003 27003 1 现在就咨询医生。你可能患上了哮喘或其他肺或者心脏疾病。更多信息请参考与呼吸短促相关的内容。
27004 27005 27006 0 当你暴露在冷空气中或当你锻炼时，是否呼吸短促?
27005 27005 27005 1 咨询医生。你可能患上了轻微的哮喘。
27006 27007 27008 0 你是否服用了β受体阻滞剂?
27007 27007 27007 1 咨询医生。你服用的药物可能有副作用。
27008 27009 27010 0 喘息是否不到两周?
27009 27009 27009 1 如果症状持续，就咨询医生吧。
27010 27011 27012 0 喘息是否很长时间了?你是否吸烟?你是否暴露在受到了污染的空气中?
27011 27011 27011 1 咨询医生，你可能有慢性性肺部疾病。
27012 27012 27012 1 如果症状加重或喘息两周以上，就咨询医生吧。
28000 28001 28004 0 是否出现了严重的挤压性、压迫性疼痛，是否伴有以下症状?一、下巴、颈部或手臂疼痛；二、呼吸短促；三、眩晕或出汗
28001 28002 28003 0 体息20分钟过后，是否依然疼痛?
28002 28002 28002 1 紧急情况!现在就处理吧！你的心脏病可能发作了。拨打“120”，咀嚼并服用阿司匹林，然后喝一杯水。这会稀释血液，帮助心脏获得更多血液。
28003 28003 28003 1 咨询医生。你可能患了心绞痛。
28004 28005 28006 0 当你过度疲劳时，是否会疼痛?
28005 28005 28005 1 咨询医生，因为你可能患上了心绞痛。
28006 28007 28012 0 你感觉缺氧吗?深呼吸时胸部疼痛是否加剧了?
28007 28008 28009 0 你是否一直待在床上?你是否在出租车、汽车、火车或飞机上坐了好几个小时?
28008 28008 28008 1 紧急情况！现在就处理吧!你的肺部可能出现了血栓。
28009 28010 28011 0 你是否咳嗽和发热?
28010 28010 28010 1 现在就咨询医生，你可能患了肺炎。
28011 28011 28011 1 现在就咨询医生。你可能出现了肺压陷症状。
28012 28013 28014 0 你是否经常咳嗽?
28013 28013 28013 1 你的肺部可能受到了感染。如果持续发热，咳出黄绿色黏痰或症状持续3天以上，就咨询医生。
28014 28015 28016 0 躺下时是否有灼烧感，疼痛加副且件有嗳气和饱胀感?
28015 28015 28015 1 你可能患上了胃灼热。如果症状持续，请咨询医生。
28016 28017 28021 0 是否只有一侧的胸部疼痛?
28017 28018 28019 0 你最近是否咳嗽得历害。是否做过胸部手术?
28018 28018 28018 1 你的肌肉可能被拉伤，肋骨可能骨折了。如果症状持续，请咨询医生。
28019 28020 28021 0 疼痛部位的皮肤是否发痒且有灼烧感?胸部的皮肤是否起了水疱?
28020 28020 28020 1 咨询医生，因为你的神经系统可能出现了问题。
28021 28021 28021 1 如果症状持续1周以上，请咨询医生。
29000 29001 29002 0 疼痛是否比以前更剧烈了?
29001 29001 29001 1 现在就咨询医生。这可能是一个非常严重的问题。
29002 29003 17 0 疼痛是否出现在上腹部?
29003 29004 29005 0 是否仅在饭后或饭后几个小时后才会疼痛(空腹时)?
29004 29004 29004 1 你可能患上了溃疡或胃灼热。服用非处方抗酸剂或H2阻滞药。如果症状持续1个月以上或症状加重，就咨询医生。
29005 29006 29007 0 躺下时是否疼痛，疼痛是否加剧?
29006 29006 29006 1 你的食管下端可能受到了刺激。
29007 29008 29009 0 服用抗酸药或吃东西时，疼痛是否会减轻?
29008 29008 29008 1 咨询医生。你可能患了溃疡疡或胃炎。
29009 29010 29011 0 你是否发热、肩胛骨之间是否疼痛?
29010 29010 29010 1 咨询医生。你的胆囊可能出现了病变。
29011 29012 29013 0 食欲是否下降了?过去的6个月中，你的体重是否无缘无故减轻了？
29012 29012 29012 1 现在咨询医生。你的情况可能比较严重。
29013 29014 29015 0 你是否感觉疲惫?大便是否呈黑色、柏油状?
29014 29014 29014 1 现在就咨询医生。你可能患有溃疡殇出血。
29015 29015 29015 1 咨询医生。你需要医生关注这些症状。
29016 29017 29029 0 疼痛是否在下腹部?
29017 29018 29019 0 你是否出现了血性或黏液性腹泻?
29018 29018 29018 1 咨询医生。你的肠道可能发炎了。
29019 29020 29021 0 你是否腹泻?是否发热?腹部是否疼痛?
29020 29020 29020 1 咨询医生。你的肠道可能发炎了。
29021 29022 29023 0 你是否腹泻？是否发热？腹部是否疼痛？
29022 29022 29022 1 你的小肠或大肠可能出了向题。如果饱胀感持续，就咨询医生。
29023 29024 29025 0 你是否出现了以下症状?一、直肠疼痛；二、里急后重；三、直肠中持续有黏液
29024 29024 29024 1 咨询医生。你的肛门或直肠可能发炎了。
29025 29026 29027 0 你是否出现了以下症状?一、失去食欲；二、过去的6个月中体重无缘无故减轻了至少4.5千克；三、出现血色、黑色或柏油色粪便
29026 29026 29026 1 现在就咨询医生。你的肠道可能出现了恶性肿瘤。
29027 29028 29029 0 如果你是女性，月经期间是否疼痛或疼痛比平常加剧了？
29028 29028 29028 1 咨询医生。你可能患了盆腔炎。
29029 29029 29029 1 如果症状加重或持续两周以上，请咨询医生。
30000 30001 30002 0 疼痛剧烈吗?
30001 30001 30001 1 紧急情况！现在就处理吧！你可能出现了急腹症。
30002 30003 30004 0 疼痛是否伴有37.8℃以上的发热?
30003 30003 30003 1 咨询医生，你的情况可能比较严重。
30004 30005 30006 0 腹部中同部位是否尤其疼痛?疼痛是否蔓延到胸部、颈部及肩膀？
30005 30005 30005 1 紧急情况！现在就处理吧。
30006 30007 30008 0 腹部是否出现了肿块？
30007 30007 30007 1 如果症状持续两天以上，就咨询医生。
30008 30009 30010 0 你是否腹泻？
30009 30009 30009 1 你可能患了肠胃炎或感染。多唱水。如果症状持续5天以上。请咨询医生。
30010 30011 30014 0 你是否经常尿急，小便时是否有均烧感?
30011 30012 30013 0 腹股沟是否也疼痛?
30012 30012 30012 1 咨询医生。你可能患了肾结石。
30013 30013 30013 1 咨询医生。尿路可能受到了感染。
30014 30015 30016 0 肩胛是否疼痛并伴有恶心、饱胀或嗳气?
30015 30015 30015 1 现在就咨询医生，你可能患了胆囊结石。
30016 30017 30018 0 胃部是否灼热、反酸，腹部是否咕咕响?
30017 30017 30017 1 你可能出现了轻微的消化不良症状。如果症状持续，就咨询医生。
30018 30019 30020 0 疼痛部位的度肤是不是起了水疱?是否发痒、灼热?
30019 30019 30019 1 咨询医生。
30020 30021 30025 0 你是女性吗?
30021 30022 30023 0 你是否错过了一个月经期?
30022 30022 30022 1 现在就咨询医生。你可能出现宫外孕了。
30023 30023 30025 0 你是否月经过多或痛经?
30024 30024 30024 1 咨询医生。你可能患了妇科疾病。
30025 30026 30030 0 疼痛是否蔓延到了生殖器?
30026 30027 30028 0 疼痛严重吗?生殖器区域是否出现了肿块、发红或肿胀症状？
30027 30027 30027 1 紧急情况！现在就处理吧!你的生殖器可能出现了问题。
30028 30029 30030 0 是否隐约终痛?下腹是否时不时出现肿块？
30029 30029 30029 1 现在就咨询医生。你可能患了疝气。
30030 30030 30030 1 如果症状加重或者持续两周以上，请咨询医生。
31000 31001 31008 0 是否有突发性便秘，且不经常发生?
31001 31002 31003 0 你是否出现了以下症状?一、腹部剧痛，下腹有肿块；二、粪便中带血
31002 31002 31002 1 现在就咨询医生。你的大肠可能出现阻塞或者发炎了。
31003 31004 31005 0 你是否在服用新型处方药或非处方药?
31004 31004 31004 1 你可能出现了药物反应。咨询一下医生，处方药或非处方药是否会导致疼痛。
31005 31006 31007 0 你怀孕了吗?
31006 31006 31006 1 怀孕期间通常会出现便秘症状。
31007 31007 31007 1 咨询医生。你需要医生关注这些症状。
31008 31009 31015 0 是否经常性便秘?
31009 31010 31011 0 你是否出现了痉挛性腹部疼痛，是否除了便秘还时有腹泻?
31010 31010 31010 1 你的肠道有可能出现了紊乱。如果症状持续，请咨询医生。
31011 31012 31013 0 你的饮食习是否改变了?
31012 31012 31012 1 增加饮食中水分和纤维素的含量。
31013 31014 31015 0 是否不服用泻药，肠道蠕动就不通畅？
31014 31014 31014 1 现在就咨询医生。
31015 31016 31017 0 你是否出现了以下症状?一、乏力；二、皮肤干燥；三、难耐寒冷；四、体重增加
31016 31016 31016 1 现在就咨询医生，你的甲状腺可能出现了问题。
31017 31017 31017 1 持续服用非处方亚麻纤维素或甲基纤维素1个月。如果便秘症状持续，就配合以上药物并持续摄入含有氧化镁的牛奶两周，如果症状持续，请咨询医生。
32000 32001 32002 0 当你前倾、躺下、举起重物(或紧张)、咳嗽或打喷时，这些症状是否加剧?
32001 32001 32001 1 你可能患上了的胃灼热。如果症状加重或更频繁地出现，请咨询医生吧。
32002 32003 32004 0 你吃饭速度是否过快?你是否吃了大量食物或喝了大量饮料?
32003 32003 32003 1 你的症状可能是由于吃饭或喝水时吞咽空气导致的。在吞下食物前，把食物分成小份吃，并且充分咀嚼。慢慢地小口喝水。
32004 32005 32015 0 你是否嗳气?腹部是否出现疼痛和痉挛?
32005 32006 32007 0 是否严重腹泻并且发热?
32006 32006 32006 1 更多信息请参考与腹泻相关的内容。
32007 32008 32009 0 腹部右上方、胸部或背部是否出现了疼痛?
32008 32008 32008 1 咨询医生。你可能患了胆结石或胆囊炎了。
32009 32010 32011 0 你是否出现了腹泻并且交替伴有便秘?
32010 32010 32010 1 你可能出现了肠道紊乱。
32011 32012 32013 0 大便是否呈黄色，有难间的气味或呈柏油状?
32012 32012 32012 1 如果症状持续，请咨询医生。你的肠道可能出现了紊乱。
32013 32014 32015 0 是否食用乳制品后的两个小时内都会出现这种症状?
32014 32014 32014 1 你可能消化不了乳糖。如果症状持续或加重，请咨询医生吧。
32015 32016 32017 0 你是否经常食用流质饮食?
32016 32016 32016 1 摄取这些食物后出现这种症状是很正常的现象。
32017 32018 32019 0 你是否经常食用富含纤维素的食物(例如蔬菜和豆制品)?
32018 32018 32018 1 食用高纤维索的食物时出现这种症状是很正常的。
32019 32019 32019 1 如果症状持续1个月以上，请咨询医生。
33000 33001 33010 0 你最近是否出现了腹泻症状，是否出现了恶心、呕吐、痉挛、腹痛或发热的症状？
33001 33002 33003 0 腹泻时是否带血或脓液?
33002 33002 33002 1 现在就咨询医生。你的肠道可能受到了严重感染或发炎了。
33003 33004 33005 0 你最近是否了来自不同水源的水?你最近是否有出国旅行经历?
33004 33004 33004 1 咨询医生，你的肠道可能受到了盛染。
33005 33006 33007 0 最近和你一起用餐的人是否也腹泻了?
33006 33006 33006 1 咨询医生。你可能食物中毒了。
33007 33008 33009 0 大便是否很稀，你是否饮水困难或不能保持液体?
33008 33008 33008 1 咨询医生。你可能脱水了。
33009 33009 33009 1 你的肠道很可能受到了轻微的感染。如果症状持续5天以上或者加重，就咨询医生。
33010 33011 33012 0 你是否服用了新型处方药或非处方药?
33011 33011 33011 1 咨询医生。可能是药物导致了腹泻。
33012 33013 33014 0 你是否有嗳气或打嗝?
33013 33013 33013 1 你可能对特定的食物或饮料反应过激。
33014 33015 33021 0 是否经常出现腹泻且持续很久了?
33015 33016 33017 0 你是否出现了以下症状?一、腹泻过后腹部就不那么疼痛了；二、血性腹泻；三、发热
33016 33016 33016 1 咨询医生。你的肠道可道能出现了紊乱。
33017 33018 33019 0 大便是否恶臭，并且呈柏油状?
33018 33018 33018 1 咨询医生。你的肠道可道能出现了紊乱。
33019 33020 33021 0 腹泻的同时是否伴有腹部不同部位痉挛性疼痛和间歇性便秘症状?
33020 33020 33020 1 每天多吃水果和蔬菜，并且服用非处方亚麻纤维素或甲基纤维素。如果症状持续，就咨询医生。
33021 33021 33021 1 每天多吃水果和蔬菜，并且服用亚麻纤维素或甲基纤维素。如果症状持续，就咨询医生。
34000 34001 34008 0 你是否头痛?
34001 34002 34003 0 头痛是否出现在头部受到猛烈重击后?
34002 34002 34002 1 紧急情况！现在就处理吧!你的头部可能受到了严重损伤。
34003 34004 34005 0 头部是否剧痛并且伴有以下症状?一、发热；二、视线模糊；三、眼睛疼痛；四、神志恍惚；五、颈部僵硬
34004 34004 34004 1 紧急情况！现在就处理吧!你的头部或者眼睛可能出现了异常。
34005 34006 34007 0 在过去的24小时内，你是否摄入了大量的酒精？
34006 34006 34006 1 酒精很有可能对你的身体造成了伤害。
34007 34007 34007 1 更多信息请参考与头痛相关的内容。
34008 34009 34010 0 你是否出现了以下症状?一、持续性腹痛；二、吐血；三、粪便呈黑色柏油状；四、极度无力
34009 34009 34009 1 紧急情况!现在就处理吧!你的腹部可能出现了严重疾患。
34010 34011 34012 0 腹部是否出现了痉挛，你是否发热或腹泻?
34011 34011 34011 1 你的胃肠可能受到了刺激或感染。如果症状持续3天以上，就咨询医生。
34012 34013 34014 0 你是否头昏目眩?
34013 34013 34013 1 更多信息请参考与头昏相关的内容。
34014 34015 34016 0 你是否在服用新型处方药或非处方药?
34015 34015 34015 1 咨询医生。可能是药物引起了这些症状。
34016 34017 34018 0 你是否大量饮酒?
34017 34017 34017 1 你的症状很可能是由于过度饮酒引起的。咨询医生，请他帮你解决问题。
34018 34019 34020 0 你是否已怀孕6个月?
34019 34019 34019 1 这是很正常的现象。
34020 34020 34020 1 如果呕吐超过3次或恶心持续5天以上，就咨询医生。因为你的身体可能出了大问题。
35000 35001 35002 0 即便没有排便不畅，直肠是否也出血?
35001 35001 35001 1 现在就咨询医生。问题可能很严重。
35002 35003 35004 0 腹部是否疼痛？
35003 35003 35003 1 请参考与复发性腹痛、严重或突发性腹部疼痛相关的内容。
35004 35005 35006 0 排便不畅或腹泻时，是否有脓液?
35005 35005 35005 1 请参考与腹泻相关的内容。
35006 35007 35008 0 直肠出血是否伴有排使习惯改变(如排便次数变化、量减少或排便时疼痛)?
35007 35007 35007 1 你的肠道可能有阻塞并且正在出血。请咨询医生。
35008 35009 35010 0 直肠是否疼痛或发痒？
35009 35009 35009 1 请参考与直肠疼痛或发痒相关的内容。
35010 35011 35012 0 排便是否减少且大便又干又硬？
35011 35011 35011 1 请参考与便秘相关的内容。
35012 35013 35014 0 你是否已到45岁?你是否有近亲患了结肠息肉或结肠癌(例如父母、兄弟姐妹或者儿女)?
35013 35013 35013 1 咨询医生。你需要医生关注这些症状。
35014 35014 35014 1 如果症状加重或持续1周以上，就咨询医生。你的身体可能出了大问题。
36000 36001 36002 0 你是否腹痛?
36001 36001 36001 1 请参考与腹痛、剧烈或突然性下腹疼痛相关的内容。
36002 36003 36004 0 直肠是否出血?
36003 36003 36003 1 请参考与直肠出血相关的内容。
36004 36005 36006 0 排便后是否疼痛或发热(但没有出血)?
36005 36005 36005 1 如果症状持续或加重，就咨询医生。
36006 36007 36008 0 直肠是否痒得厉害以致影响了睡眠？
36007 36007 36007 1 咨询医生。你可能感患上了蛲虫症。
36008 36009 36010 0 肛门周围是否出现了肿块、水疱、皮疹或异物？
36009 36009 36009 1 咨询医生。你可能感染上了性传播疾病。
36010 36011 36012 0 排便是否不通畅且大便干燥?
36011 36011 36011 1 更多信息请参考与便秘相关的内容。
36012 36012 36012 1 你的症状可能是由于肛裂或痔疮引起的。服用非处方药亚麻纤维或软化粪便的药物，每天使用一次氢化可的松乳膏。如果症状持续两周以上或加重，就咨询医生。
37000 37001 37008 0 脸部、下肢或腹部是否持续异常肿胀?
37001 37002 37003 0 经期前后体重是否增加？
37002 37002 37002 1 这是很正常的现象。
37003 37004 37005 0 尿量是否变少？
37004 37004 37004 1 现在就咨询医生。你的肾脏可能出现了问题。
37005 37006 37007 0 躺下或睡觉时，呼吸是否短促?脚踝或脚部是否肿胀？
37006 37006 37006 1 现在就咨询医生。你的心脏可能出现了问题。
37007 37007 37007 1 如果肿胀持续，就咨询医生。
37008 37009 37016 0 肌肉是否无力?
37009 37010 37011 0 排尿是否增加?是否容易口渴?
37010 37010 37010 1 咨询医生。你可能出现了内分泌失调。
37011 37012 37013 0 你的脸部、腹部或上背部脂肪是否增加了?
37012 37012 37012 1 咨询医生。你的内分泌或肝脏可能出现了紊乱。
37013 37014 37015 0 你皮肤是否干燥?你是否出现了脱发症状?
37014 37014 37014 1 咨询医生。你的甲状腺可能出现了问题。
37015 37015 37015 1 如果症状持续两周，就咨询医生。
37016 37017 37018 0 你是否在服用处方药?
37017 37017 37017 1 咨询医生。询问药物是否会导致体重增加。
37018 37019 37020 0 你最近是否在戒烟?
37019 37019 37019 1 戒烟过程中，体重增加是很正常的现象。如果症状持续，就咨询医生。
37020 37021 37022 0 你最近是否经历过以下事情?一、职业变动；二、伤心的事；三、饮食或睡眠方式发生变化；四、心情沮丧或低落
37021 37021 37021 1 咨询医生。可能是情感压力导致了你体重的增加。
37022 37023 37024 0 体重增加是否因季节的变化而出现?
37023 37023 37023 1 咨询医生。
37024 37024 37024 1 体重增加可能是遗传或环境导致的，也可能是心理导致的。咨询医生，问一下他你应该怎样减肥。
38000 38001 38008 0 你的体重是否减轻了?腹部是否疼痛?
38001 38002 38003 0 粪便呈血红色、黑色或脓液状你是否出现了以下症状?一、；二、腹泻或便秘；三、呕吐
38002 38002 38002 1 现在就咨询医生。你的直肠可能出现了问题。
38003 38004 38005 0 大便是否有异味，颜色很淡，呈现黄色或柏油状？
38004 38004 38004 1 咨询医生。你的直肠可能出现了问题。
38005 38006 38007 0 阴道是否出血？
38006 38006 38006 1 咨询询医生。你可能患了妇科疾病。
38007 38007 38007 1 如果症状持续两周以上，就咨询医生。
38008 38009 38012 0 是否咳嗽，并且呼吸短促？
38009 38010 38011 0 你是否发热并且感到疲惫不堪?
38010 38010 38010 1 咨询医生，你的肺部可能出现了感染。
38011 38011 38011 1 如果症状持续两周以上，就咨询医生。
38012 38013 38018 0 你是否胃口増加了，而体重却减轻了?
38013 38014 38015 0 你是否经常感到口渴，并且出现了尿频症状?
38014 38014 38014 1 咨询医生。你的激素分泌可能出现了紊乱。
38015 38016 38017 0 你是否出现了以下症状?一、心跳加速；二、出汗；三、颈部肿胀；四、焦虑
38016 38016 38016 1 咨询医生。你的激素分泌可能出现了紊乱。
38017 38017 38017 1 如果症状持续两周以上，就咨询你的医生。
38018 38019 38020 0 你最近是否经历过以下情况?一、职业变动；二、令人伤心的事；三、饮食或睡眠方式改变；四、感觉沮丧或低落
38019 38019 38019 1 咨询医生。可能是情感压力导致了这些症状。
38020 38021 38022 0 你是否感觉即使体重减轻，你还是看起来很胖?
38021 38021 38021 1 咨询医生。你的饮食可能出现了紊乱。
38022 38023 38024 0 你是否感到极度疲惫？
38023 38023 38023 1 咨询医生。你可能出现了严重问题。
38024 38025 38026 0 你是否在服用处方药?
38025 38025 38025 1 咨询医生。咨询一下，药物是否会导致这些症状。
38026 38027 38028 0 在过去的4-6个月中，你的体重是否减轻了10％以上?
38027 38027 38027 1 现在就咨询医生。因为一些慢性疾病可能会导致这些症状。
38028 38028 38028 1 如果体重减轻持续两周或体重减轻了5％左右，那就咨询医生吧。
39000 39001 39010 0 是否感觉痛加剧，并且经血量比正常情况下要多?
39001 39002 39003 0 你是否发热，阴部是否有更多分泌物或分泌物有异味?
39002 39002 39002 1 给医生打电话，你的生殖器官可能受到了感染。
39003 39004 39005 0 月经是否推迟了1周，你是否有过性交经历?
39004 39004 39004 1 给医生打电话。你可能是宮外孕，可能会流产。
39005 39006 39007 0 你是否使用避孕套或做了其他避孕措施?
39006 39006 39006 1 使用避孕套通常会引起疼痛。如果症状持续3个月以上或情况加重，就给医生打电话。
39007 39008 39009 0 最近你是否中断了避孕药的使用?
39008 39008 39008 1 停止使用避孕药后通常会出现这些症状。如果症状持续3个月以上或加重，就给医生打电话。
39009 39009 39009 1 给医生打电话，你的子宫内可能有良性肿瘤。你的盆腔也有可能出现了问题。
39010 39011 39012 0 在过去两年中，是否经历了月经来潮?
39011 39011 39011 1 这些症状在月经来潮开始时是很常见的。如果症状加重，就给医生打电话。
39012 39012 39012 1 如果症状加重，就给医生打电话。
40000 40001 40002 0 经量是否经常过多或经期持续过长?
40001 40001 40001 1 经量及经期长短因人而异，因时期而异。如果这些症状影响了你的日常活动或连绩3个月以来变得越来越严重，就给医生打电话。
40002 40003 40011 0 经量过多是否伴有腹痛或肌肉抽筋?
40003 40004 40005 0 在过去两年内是否经历了月经来潮?
40004 40004 40004 1 在月经来潮时这种症状通常会持续。如果症状持续或加重，就给医生打电话。
40005 40006 40007 0 经期是否持续了1周以上，是否有性交经历？
40006 40006 40006 1 给医生打电话。你可能出现了宫外孕或流产。
40007 40008 40009 0 你是否发热，并且阴道排出的异物增加且带有异味?
40008 40008 40008 1 给医生打电话。你的生殖器可能受到了感染。
40009 40010 40011 0 经期前是否腹痛?
40010 40010 40010 1 给医生打电话吧，你的子宫盆腔可能出现疾患了。
40011 40012 40013 0 两次经期之间是否出现了出血症状?
40012 40012 40012 1 给医生打电话，你可能患了内分泌失调。
40013 40014 40015 0 你最近是否有分娩的经历?
40014 40014 40014 1 分娩过后的两个月内经血过多都是很正常的。如果症状持续超过3个月，就给医生打电话。
40015 40016 40017 0 为了避免怀孕，你是否采取过避孕措施?
40016 40016 40016 1 采取避孕措施会导致以上症状。如果症状持续3个月以上或加重，就给医生打电话。
40017 40018 40019 0 你是否中断过孕药等的使用?
40018 40018 40018 1 停止使用口服避孕药后出现经量过多是很常见的现象。如果症状持续3个月或加重，就给医生打电话。
40019 40020 40021 0 你是否已过40岁?
40020 40020 40020 1 如果这些症状持续或影响了你的日常活动，请咨询医生。
40021 40021 40021 1 有很多种情况可导致这些症状。如果症状持续或加重，请咨询医生。
41000 41001 41004 0 你是否已经历了月经来潮?
41001 41002 41003 0 你是否到16岁或更大一些才来月经?
41002 41002 41002 1 给医生打电话，你的青春期可能延迟了。
41003 41003 41003 1 你可能会在10-16岁期间的任时候来月经。
41004 41005 41008 0 你的月经期是否推迟了1个月，你是否有性交经历?
41005 41006 41007 0 你的腹部是否疼痛?
41006 41006 41006 1 给医生打电话，你可能是宫外孕或流产了。
41007 41007 41007 1 在家里自己验孕。如果测试结果为阳性或测试结果为阴性但经期延后了两周，就给医生打电话。
41008 41009 41023 0 月经是否异常，比如说更短、不规律?
41009 41010 41011 0 你是否有以下症状?一、体重无缘由增加或者减少；二、声音变粗；三、多毛；四、跟平时相比，腹痛加剧；五、乳头有分泌物
41010 41010 41010 1 给医生打电话，你的卵巢可能有同题，内分泌失调或可能患上了肿瘤。
41011 41012 41013 0 近两年内是否有月经来潮?
41012 41012 41012 1 在月经初潮时，月经不调或经期缺失是很正常的。如果症状持续或加重，就给医生打电话。
41013 41014 41015 0 你最近是否开始服用避孕药?
41014 41014 41014 1 当你眼用口服避孕药时，经期不规律是很正常的。如果症状持续或加重，就给医生打电话。
41015 41016 41017 0 你是否在服用处方药或非处方药?
41016 41016 41016 1 给医生打电话，你正在服用的药物有可能扰乱了经期。
41017 41018 41019 0 你最近是否有分娩，是否有母乳喂养?
41018 41018 41018 1 分娩之后，经期不规律是很常见的。
41019 41020 41021 0 你是否到了40岁?
41020 41020 41020 1 在更年期，经期不规律是有可能出现的。如果症状出现超过半年，就给医生打电话。
41021 41022 41023 0 在以下几方面最近是否有变化?一、饮食或体重；二、常规锻炼；三、健康；四、生活方式或工作；五、压力大小
41022 41022 41022 1 所有这些都会导致经期不规律。如果症状持续，就给医生打电话。
41023 41023 41023 1 给医生打电话，让医生重视你的症状。
42000 42001 42005 0 你是否怀孕了?
42001 42002 42003 0 你怀孕是否已3个月了?出血是否过多?是否疼痛？
42002 42002 42002 1 给医生打电话。你有可能会流产。
42003 42004 42005 0 你是否已怀孕4-9个月?阴道是否出血过多并且伴有疼痛？
42004 42004 42004 1 给医生打电话。胎盘可能错位了。
42005 42006 42009 0 阴道是否有分泌物并且伴有出血症状?
42006 42007 42008 0 你是否发热，阴道分泌物是否异常且有异味？
42007 42007 42007 1 给医生打电话。你的生殖器可能受到了感染。
42008 42008 42008 1 给医生打电话。因为你的症状可能是由其他情况引起的。
42009 42010 42017 0 腹部是否疼痛或痉挛？
42010 42011 42012 0 近两年你是否经历了月经来潮?
42011 42011 42011 1 在月经来潮时，这些症状是很正常的。如果症状状持续半年以上，就给医生打电话。
42012 42013 42014 0 你是否使用宫内避孕器避孕?
42013 42013 42013 1 经期使用子宫内避孕器会出现流血现象。如果症状持续6个月以上或加重，就给医生打电话。
42014 42015 42016 0 这个月是否没有来月经，或经期延后了1周以上？你是否怀孕了?
42015 42015 42015 1 给医生打电话。你可能出现了宫外孕或流产。
42016 42016 42016 1 很多女性月经周期内会大量出血。如果症状持续，就给医生打电话。
42017 42018 42019 0 你是否经常出现经量过多或上个月经量尤其多?
42018 42018 42018 1 给医生打电话，因为你体内雄性激素可能过量。
42019 42020 42023 0 你是否在使用处方药或非处方药?
42020 42021 42022 0 你是否在服用避孕药?
42021 42021 42021 1 服用避孕药可能会导致经期之间出血。如果症状加重，就给医生打电话。
42022 42022 42022 1 药物可能有副作用。如果你服用的药物影响了经期，就给医生打电话。
42023 42024 42025 0 你是否已过40岁?
42024 42024 42024 1 更年期前几年经期之间可能会出现出血现象。如果症状持续或加重，就给医生打电话。
42025 42025 42025 1 给医生打电话，你需要医生重视这些症状。
43000 43001 43002 0 最近3-6个月内是否使用过激素替代疗法?
43001 43001 43001 1 使用激素疗法时，出血是很常见的。如果症状持绩3个月以上或加重，就给医生打电话。
43002 43003 43004 0 性交后是否有出血?
43003 43003 43003 1 给医生打电话。你的情况可能是阴道组织变化引起的。
43004 43005 43006 0 分泌物中是否带血?
43005 43005 43005 1 给医生打电话。
43006 43006 43006 1 给医生打电话。你必须重视这些症状。很多疾病会导致以上症状。
44000 44001 44002 0 你是否能摸到乳房有很多小的肿块(大小不超过你的小拇指尖端的长度)?
44001 44001 44001 1 你可能患了常见的非致癌的乳房肿瘤。每个月应做一次自我检验，另外，如果症状发生变化，就给医生打电话。
44002 44003 44005 0 不管你月经什么时候，乳房的同一部位是否都会有肿块？
44003 44004 44005 0 肿块是否柔软，而且比较容易移动?
44004 44004 44004 1 给医生打电话，肿块可能是由激素变化引起的。
44005 44006 44007 0 乳房是否有一个新的肿块，面且它不随月经周期的变化而变化？
44006 44006 44006 1 给医生打电话。你需要医生关注这些症状。
44007 44008 44009 0 尽管你不用母乳喂养，你的乳头也会出现分泌物?
44008 44008 44008 1 给医生打电话。乳头有分泌物可能是正常现象，也可能是乳腺癌的早期症状。
44009 44010 44011 0 把手抬高到头部上方，然后通过镜子看看你的乳房，乳房轮廓上是否有压痕?
44010 44010 44010 1 给医生打电话，这一症状可能是乳腺癌的征兆。
44011 44012 44013 0 乳房皮肤是否有很多褶皱，就像橘子表面一样？
44012 44012 44012 1 给医生打电话，这可能是乳腺癌的早期征兆
44013 44014 44015 0 一侧乳房的乳头是否已经内陷(乳房组织内拉)?
44014 44014 44014 1 给医生打电话，这可能是乳腺癌的早期征兆。
44015 44015 44015 1 给医生打电话。你的症状要引起医生的高度重视。
45000 45001 45002 0 你的一侧或两侧乳房是否出现了肿块?
45001 45001 45001 1 更多信息请参考与乳房肿块相关的内容。
45002 45002 45006 0 乳头是否出现了分泌物?
45003 45004 45005 0 乳头上的分泌物是否呈血红色?
45004 45004 45004 1 给医生打电话。你的乳房可能出现了肿瘤。
45005 45005 45005 1 给医生打电话。你必须关注这一症状。
45006 45007 45008 0 你是否怀孕了？
45007 45007 45007 1 怀孕明间，乳房变得越来越敏感是很正常的。
45008 45009 45016 0 你最近是否分娩了?
45009 45010 45011 0 过去的4天内是否有分娩经历?乳房是否肿胀且僵硬?
45010 45010 45010 1 给医生打电话，因为你的乳房可能因为母乳而肿胀了。
45011 45012 45013 0 你是否用母乳喂养，是否出现了以下症状?一、乳房抽痛；二、乳头肿胀；三、发热；四、有血色分泌物
45012 45012 45012 1 给医生打电话，因为你的乳房可能受到了感染。
45013 45014 45015 0 喂孩子时，乳头是否疼痛?
45014 45014 45014 1 在哺乳期前期，疼痛是很正常的现象。
45015 45015 45015 1 给医生打电话。你必须关注这一症状。
45016 45017 45018 0 你是否在使用口服避孕药或在进行雄激素替代疗法?
45017 45017 45017 1 乳房疼痛是使用激素后产生的常见副作用。医生只需要调整一下激素的剂量就可以帮你减轻症状。
45018 45019 45022 0 经期到来前几天，你的乳房是否会疼痛?
45019 45020 45021 0 你是否已到45岁?
45020 45020 45020 1 乳房疼痛可能会随着更年期的到来而出现。如果症状加重，就给你的医生打电话。
45021 45021 45021 1 疼痛可能是激素变化引起的。
45022 45022 45022 1 给医生打电话。你必须关注这些症状。
46000 46001 46006 0 腹部或腰部近期是否出现了剧痛?
46001 46002 46003 0 你是否发热、恶心或干呕?
46002 46002 46002 1 紧急情况!现在就处理吧!你可能患上了肾结石。
46003 46004 46005 0 你的腹部、背部和腰部是否受伤了?
46004 46004 46004 1 紧急情况！赶快处理吧!你体内器官可能受损伤了。
46005 46005 46005 1 给医生打电话。你必须关注这些症状。
46006 46007 46008 0 排尿时是否有的灼热感?
46007 46007 46007 1 更多信息请参考与尿频和尿痛相关的内容。
46008 46009 46015 0 腹部及背部或骨盆位置是否疼痛?
46009 46010 46011 0 你是否感到恶心、发冷或发热?
46010 46010 46010 1 给医生打电话。你可能受到了感染，还有可能患上了肾结石。
46011 46012 46013 0 你是否感到发热、疲惫无力、恶心、干呕或无缘无故体重减轻?
46012 46012 46012 1 给医生打电话。你的肾可能长了肿瘤，还可能是结缔组织疾病。
46013 46014 46015 0 你是否在经期前腹痛、经量过多，性交时期是否出现疼痛?
46014 46014 46014 1 给医生打电话。你的盆腔可能出现了问题。
46015 46015 46015 1 给医生打电话。你必须关注这一症状。
47000 47001 47002 0 尿失禁是否突然发生，是否伴有以下症状?一、麻痹感或刺痛感；二、视力减退；三、意识缺失；四、言语含混不清；五、移动手臂和下肢困难
47001 47001 47001 1 紧急情况!赶快处理吧!你可能患了脑卒中或神经系统疾病。
47002 47003 47004 0 你是否持续1周便秘?
47003 47003 47003 1 给医生打电话。你的膀胱可能受到了压迫。
47004 47005 47008 0 你是否已经60岁?
47005 47006 47007 0 是否很难想起最近发生了什么事;是否很注意个人形象;性格是否发生了变化？
47006 47006 47006 1 给医生打电话。这一症状可能是由于神经衰退或营养不良引起的。
47007 47007 47007 1 给医生打电话。你必须关注这些症状。
47008 47009 47010 0 排尿时是否出血且疼痛?
47009 47009 47009 1 更多信息请参考与尿血、尿痛或尿频相关问题。
47010 47011 47012 0 你是否在使用处方药或非处方药?
47011 47011 47011 1 给医生打电话。尿失禁可能是使用药物导致的。
47012 47013 47014 0 咳嗽、打喷嚏、大笑或跑步时，是否有少量尿液流出?
47013 47013 47013 1 尿失禁可能是由于突然压迫小腹引起的。尝试做骨盆体操以强健骨盆的肌肉。如果症状持续，请给医生打电话。
47014 47014 47014 1 给医生打电话，你必须关注这一症状。
48000 48001 48010 0 排尿时是否感觉疼痛或有灼热感?
48001 48002 48003 0 你是否时而发热时而感到寒冷?
48002 48002 48002 1 给医生打电话。你的尿道可能受到了感染或发炎了。
48003 48004 48005 0 小便是否断断续续?
48004 48004 48004 1 给医生打电话。你的膀能可能出了问题。
48005 48006 48007 0 阴道是否疼痛、起水疱或出现溃疡?
48006 48006 48006 1 更多信息请参考与阴道疼痛、肿块或疼痛相关的内容。
48007 48008 48009 0 阴道是否有异物排出?
48008 48008 48008 1 给医生打电话。你的肾脏或尿道可能受到了感染。
48009 48009 48009 1 给医生打电话。你必须关注这些症状。
48010 48011 48012 0 是否尿血?
48011 48011 48011 1 更多信息请参考与尿中带血相关的内容。
48012 48013 48023 0 你是否频繁排尿?
48013 48014 48015 0 你是否怀孕了?
48014 48014 48014 1 怀孕期间出现尿频状是很正常的。
48015 48016 48017 0 你是否出现了以下症状?一、易口渴且食欲大增；二、外阴瘙痒；三、体乏无力；四、体重减少
48016 48016 48016 1 给医生打电话。你血液和尿液的含糖量可能增加了。
48017 48018 48019 0 你是否使用了利尿剂?
48018 48018 48018 1 使用利尿剂可能导致排尿增多。
48019 48020 48021 0 你是否摄入了大量酒精饮料或含有咖啡因的饮料，比如，咖啡、茶或其他的饮料?
48020 48020 48020 1 咖啡因和酒精可能引起排尿增多。
48021 48022 48023 0 你是否患有尿失禁?
48022 48022 48022 1 更多信息请参考与尿失禁相关的内容。
48023 48023 48023 1 如果症状加重或持线两周以上，就给医生打电话。
49000 49001 49010 0 阴道及其周围是否出现了溃疡、水疱和肿块?
49001 49002 49003 0 水疱是否发痒，有灼烧感?是否形成了溃疡?
49002 49002 49002 1 给医生打电话。你可能感染了病毒，这可能是性交时感染的。
49003 49004 49005 0 阴唇、阴道或肛门是否出现了粉红色、大红色或褐色的肿块?
49004 49004 49004 1 给医生打电话。你可能感染了性传播病毒。
49005 49006 49007 0 是否出现了外阴溃疡，且带有厚厚的凸起的边缘，性交疼痛或性交后流血？
49006 49006 49006 1 给医生打电话。你的阴道可能出现了问题。
49007 49008 49009 0 阴唇一侧是否出现了肿胀?
49008 49008 49008 1 给医生打电话。你可能患了囊肿。
49009 49009 49009 1 给医生打电话。必须让医生关注这些症状。
49010 49011 49012 0 阴道是否疼痛且有分泌物?
49011 49011 49011 1 更多信息请参考与阴道分泌物、发摩或刺痛相关的内容。
49012 49013 49016 0 阴道是否有流血症状?
49013 49014 49015 0 你是否进入了更年期?
49014 49014 49014 1 更多信息请参考与更年期出血相关的内容。
49015 49015 49015 1 是否感觉排尿疼痛且困难?
49016 49017 49018 0 更多信息请参考与尿痛或者尿频相关的内容。
49017 49017 49017 1 性交时阴道是否疼痛?
49018 49019 49027 0 更多信息请参考与尿痛或者尿频相关的内容。
49019 49020 49021 0 你是否出现了以下症状?一、性交时插入得越深，感觉越疼痛；二、周期性疼痛
49020 49020 49020 1 给医生打电话。你的子宫、盆腔可能出现了问题。
49021 49022 49023 0 你最近是否分娩了?
49022 49022 49022 1 3个月过后再行房事。如果疼痛持续8周以上，就给医生打电话。
49023 49024 49025 0 性交时是否有明显痛感?
49024 49024 49024 1 给医生打电话。
49025 49026 49027 0 你是否已到50岁?
49026 49026 49026 1 更年期的到来可能导致性交痛。尝试着使用非处方润滑剂。如果症状持续或加重，就给医生打电话。
49027 49027 49027 1 如果症状加重或持续两周以上，就给医生打电话。
50000 50001 50004 0 分泌物是否比正常情况下更多？
50001 50002 50003 0 分泌物是否出现在经期之间?
50002 50002 50002 1 分泌物过多且有时伴有排卵。
50003 50003 50003 1 如果症状持续，就给医生打电话。
50004 50005 50008 0 分泌物是否看起来像白软干酪(白色且呈凝乳状)并且伴有发痒或刺痛？
50005 50006 50007 0 以前是否有类似的分泌物出现，是否被确诊为霉菌感染?
50006 50006 50006 1 尝试使用非处方治疗法治疗阴道霉菌感染。如果症状持续，就给生打电话。
50007 50007 50007 1 给医生打电话。你可能感染了霉菌。
50008 50009 50012 0 分泌物是否呈绿色、黄色、灰色，是否伴有异味?
50009 50010 50011 0 你是否出现了以下症状?一、阴道出血；二、腹部疼痛；三、发热
50010 50010 50010 1 给医生打电话。你的生殖器官可能受到了感染。
50011 50011 50011 1 给医生打电话。你的阴道可能受到了感染。
50012 50013 50017 0 阴道是否发痒、刺痛?
50013 50014 50015 0 你是否使用阴道喷雾、乳液或阴道洗涤器?
50014 50014 50014 1 停止使用这些产品，看看症状是否减轻。
50015 50016 50017 0 你是否出现了以下症状?一、尿频；二、易干渴且食欲大增；三、乏力；四、体重减少
50016 50016 50016 1 给医生打电话。你的血液和尿液中糖的含量可能增多了。
50017 50017 50017 1 如果症状加重或持续两周以上，就给医生打电话。
51000 51001 51003 0 你的宝宝是否突然啼哭，且一直都哄不好?
51001 51002 51003 0 啼哭时是否伴有以下症状?一、发热(直肠温度达到37.8℃或更高)；二、呕吐；三、头部乱动，用手捂住或抓绕头部；四、没有食欲；五、便秘或没有尿液；六、睡睡或身体无力；七、手臂或下肢不正常地活动；八、手臂或下肢活动时疼痛
51002 51002 51002 1 紧急情况!现在就处理吧!宝宝的身体可能出现了严重疾病。
51003 51004 51005 0 你的宝宝是否扯拉耳朵?是否没有食欲且发热?
51004 51004 51004 1 现在就咨询医生。因为你的宝宝的耳部可能受到了感染。
51005 51006 51008 0 你的宝宝是否还不到3个月大?
51006 51007 51008 0 他是否通常仅在傍晚或晚上大声哭泣，并且一哭就会持续很长时间?
51007 51007 51007 1 你的宝很可能患了疝气。
51008 51009 51019 0 你的宝宝是否吃饭出现了异常，他是否看起来好像生病了?
51009 51010 51011 0 给他喂食之后，他是否就不哭泣了?
51010 51010 51010 1 你的宝宝可能是饥饿或口渴了。
51011 51012 51013 0 宝宝是否在你给他喂食之后才啼哭?
51012 51012 51012 1 你的宝宝很可能是出现了嗳气。尝试着让他打嗝。
51013 51014 51015 0 你把宝宝抱在怀里时，他是否就不哭了?
51014 51014 51014 1 你的宝宝可能是感到无聊、孤独，希望引起大家注意了。把他抱在怀里吧。
51015 51016 51017 0 你的宝宝是否出现了尿布疹?
51016 51016 51016 1 你的宝宝可能是患尿布疹了。
51017 51018 51019 0 宝宝是否在入睡之前开始哭泣，并且他的手臂或下肢不断动弹?
51018 51018 51018 1 这是很正常的现象。把他放到怀里，抱稳，用毛毯把他裹住，尽量把他裹得舒服点。
51019 51020 51021 0 你的家庭是否有很大的压力?
51020 51020 51020 1 你的宝宝可能对你们的焦虑产生了反应。努力改善一下家庭环的环境吧。
51021 51022 51023 0 你的宝宝是否比平时哭得多并且分泌了更多的唾液?
51022 51022 51022 1 他很可能正在长牙。
51023 51023 51023 1 如果症状加重或持续1周以上，就咨询医生吧。
52000 52001 52002 0 你的宝宝是否出现了以下症状?一、脖子僵硬；二、手臂或下肢不能动弹；三、神志不清；四、全身无力或精神萎靡；五、易激惹
52001 52001 52001 1 紧急情况!现在就处理吧!你的宝宝可能受到了严重感染。
52002 52003 52004 0 你的宝宝是否还不到3个月大?
52003 52003 52003 1 现在就咨询医生。这些症状需要进行治疗。
52004 52005 52006 0 你的宝宝是否3-12个月大，他的体温是否超过了38.5℃？
52005 52005 52005 1 咨询医生吧。宝宝发热需要进行治疗。
52006 52007 52012 0 你的宝宝是否发热、咳嗽，并且呼吸困难?
52007 52008 52009 0 你的宝宝是否出现了以下症状?一、咳嗽持续1分钟以上，并且很严重；二、吸气时有异常的声音；三、口水过多；四、吞食食物极度困难
52008 52008 52008 1 紧急情况!现在就处理吧!你的宝宝可能出现了呼吸问题。
52009 52010 52011 0 你的宝宝是否发出了异常的声音，犬吠样咳嗽，特别是在夜间?
52010 52010 52010 1 现在就咨询医生。你的宝宝的声带或大气管可能受到了感染。
52011 52011 52011 1 现在就咨询医生。你的宝宝可能受到了感染。
52012 52013 52014 0 你的宝宝是否发热，并且伴有异常的手臂、下肢、面部抽搐以及周期性精神萎靡?
52013 52013 52013 1 现在就咨询医生。突然发高热可能导致痉挛。
52014 52015 52016 0 你的宝宝是否发热并且伴有皮疹?
52015 52015 52015 1 你的宝宝可能受到了感染。
52016 52017 52018 0 你的宝宝是否发热并且伴有腹泻或呕吐?
52017 52017 52017 1 现在就咨询医生。你的宝宝可能受到了感染。
52018 52019 52020 0 你的宝宝是否发热，并且伴有流鼻涕或感冒症状?
52019 52019 52019 1 你的宝宝可能受到了感染。
52020 52021 52022 0 你的宝宝是否发热，是否扯拉耳朵且哭泣？
52021 52021 52021 1 现在就咨询医生。你的宝宝耳朵可能受到了感染。
52022 52023 52023 0 你的宝宝最近是否接种了疫苗?
52023 52023 52023 1 接种疫苗之后通常会发热。如果症状持续，就去看医生吧。
52023 52025 52026 0 你是否把宝宝裹得太严实了，是否给他穿得过多了，家里是否很热?
52025 52025 52025 1 宝宝的体温可能会因为穿得过多或温度高而受到影响。帮他脱掉一些衣服或给他喝些水。
52026 52026 52026 1 如果你的宝宝持续2-3天发热或一直高热不退，就咨询医生吧。
53000 53001 53002 0 你的宝宝是否腹污并且伴有以下症状?一、发热(直肠温度达到38℃或更高)；二、呕吐；三、没有食欲；四、不舒服或疼痛；五、尿床次数比平时少
53001 53001 53001 1 现在就咨询医生。宝宝的症状需要医生的关注。你的宝宝可能脱水了。
53002 53003 53004 0 你的室室是否出生才3天，是否严重腹泻?
53003 53003 53003 1 现在就咨询医生。宝宝可能对食物过敏了或体内的活性酶减少了。
53004 53005 53007 0 你的宝宝是否喝了带有果汁的奶?
53005 53006 53007 0 你是否在奶粉中放了糖或者在宝宝的饮食中加入了过量的水果汁?
53006 53006 53006 1 宝宝的这些症状可能是由于难以消化过量的糖所致。按照婴儿食品上的使用说明做，减少糖分的摄入。
53007 53008 53009 0 你最近是否给宝宝服用了处方药或非处方药?你是否服用了药物并且给宝宝喂母乳了?
53008 53008 53008 1 你的宝宝可能对药物产生了反应。咨询一下医生，药物可能导致宝宝出现的症状。
53009 53010 53011 0 你是否才在宝宝的饮食中加入了固体食物?
53010 53010 53010 1 你的宝宝可能就是由于吃了固体食物才腹泻的，也可能是由于肠功能素乱引起的。如果症状持续1周以上或加重，就咨询医生吧。
53011 53012 53013 0 你的宝宝是否长期腹泻，并且大便有异味，呈柏油状?
53012 53012 53012 1 现在就咨询医生。你的宝宝可能出现了消化不良。
53013 53013 53013 1 如果症状加重或持续1周以上，就咨询医生吧。
54000 54001 54002 0 你的宝宝是否有时在喂过母乳或牛奶后呕吐?
54001 54001 54001 1 这是由于吸入了空气后出现的正常现象。
54002 54003 54007 0 你的宝宝是否还不到4个月大?
54003 54004 54005 0 你的宝宝是否严重呕吐?
54004 54004 54004 1 现在就咨询医生。宝宝的胃可能出现了问题。
54005 54006 54007 0 呕吐是否呈黄色或绿色?
54006 54006 54006 1 紧急情况!现在就处理吧!宝宝的肠道可能出现了向题。
54007 54008 54009 0 呕吐是否发生在头部受伤、暴露在有毒的烟气中之后?
54008 54008 54008 1 紧急情况!现在就处理吧!
54009 54010 54011 0 你的宝宝是否呕吐并且伴有以下症状?一、发热(体温达到38℃或更高)；二、头部活动异常，手抱着或抓挠头部；三、没有食欲；四、便秘或者没有尿液；五、嗜睡
54010 54010 54010 1 紧急情况!现在就处理吧！
54011 54012 54013 0 你最近是否给宝宝服用了新型处方药或非处方药?你是否服用了药物且给宝宝喂了母乳?
54012 54012 54012 1 现在就咨询医生。你的宝宝可能对药物产生了反应。
54013 54014 54015 0 你的宝宝是否呕吐并且伴有腹泻?
54014 54014 54014 1 给宝宝喝水，防止他脱水。咨询医生。宝宝的症状需要引起关注。
54015 54016 54017 0 你是否将宝宝上下颠着玩，是否带他去旅行了?
54016 54016 54016 1 宝宝的这种情形可能是由于晕动引起的。让宝宝保持安静，给他喝水，观察一下呕吐症状有没有减轻。
54017 54018 54019 0 你是否往宝宝的饮食中加入了固体食物?
54018 54018 54018 1 婴儿吃第一口固体食物时吐出来是很正常的，但也可能是你的宝宝肠道出现了问题。如果症状持续1周以上或宝宝看起来异常，就咨询医生吧。
54019 54019 54019 1 如果症状加重或持续两周以上，就咨询医生吧。
55000 55001 55008 0 你的宝宝是否发热并且出了皮疹？
55001 55002 55003 0 皮疹是否呈紫色，并且看起来像是擦伤?
55002 55002 55002 1 紧急情况!现在就处理吧!你的宝宝可能受到了严重感染。
55003 55004 55005 0 你的宝宝身上是否出是了发痒的水疱?
55004 55004 55004 1 现在就咨询医生。你的宝宝可能出了水痘。
55005 55006 55007 0 你的宝宝身上是否出了红色的皮疹、班点或条纹状皮肤问题?
55006 55006 55006 1 现在就咨询医生。你的宝宝可能受到了感染。
55007 55007 55007 1 你的宝宝可能受到了轻微感染。如果症状持续1周以上，就咨询医生。
55008 55009 55010 0 宝宝身体紧贴尿布的部位是否发红、疼痛?
55009 55009 55009 1 宝宝的皮肤很可能受到了感染。
55010 55011 55012 0 你的宝宝头皮上、手上、脚上或皮肤褶皱处是否出现了鳞状或碎片状硬皮?
55011 55011 55011 1 宝宝的皮肤可能受到了刺激或感染。如果症状加重或持续，就咨询医生吧。
55012 55013 55014 0 你的宝宝身上是否长了脓性水疱?
55013 55013 55013 1 咨询医生。宝宝的皮肤可能受到了细菌感染。
55014 55015 55016 0 你的宝宝身上是否长了凸起的红色肿块，且有的发率，有的疼痛?
55015 55015 55015 1 现在就咨询医生。宝宝的皮肤可能出现了过敏或受到了感染。
55016 55017 55018 0 你的宝宝身上是否长了透明状水疱或微红的斑点，是否疼痛?
55017 55017 55017 1 咨询医生。宝宝可能受到了感染。
55018 55019 55020 0 你的宝宝是否关节处疼痛和僵硬?
55019 55019 55019 1 咨询医生。宝宝可能出现了炎症。
55020 55020 55020 1 如果症状加重或持装续两周以上，就咨询医生。
56000 56001 56002 0 你的宝宝是否连72小时都没有排便了?他是否易怒且出现了呕吐?
56001 56001 56001 1 现在就咨询医生。宝宝的肠道可能出现了问题。
56002 56003 56011 0 你的宝宝的排便习惯是否发生了变化?
56003 56004 56005 0 你的宝宝腹部疼痛吗？
56004 56004 56004 1 现在就咨询医生。宝宝的肠道可能出现了问题。
56005 56006 56007 0 你的宝宝最近是否生病了，他是否发热且一直驱吐?
56006 56006 56006 1 宝宝的症状可能是由于出汗或液体流失导致的。多增加点液态食物。
56007 56008 56009 0 你的宝宝是否排便疼痛且可能伴有出血?
56008 56008 56008 1 咨询医生。宝宝的这些症状可能是由于肛裂引起的。
56009 56010 56011 0 你的宝宝是否有使用厕所的训练?
56010 56010 56010 1 排便焦虑是很正常的现象。
56011 56011 56011 1 可能是由于饮食导致了宝宝便秘。在饮食中增加纤维素或水分的含量。如果症状持续，就咨询医生。
57000 57001 57002 0 你的宝宝是否咳嗽并且伴有以下症状?一、呼吸极度困难；二、无法讲话；三、面部或手指发绀；四、面部或咽喉肿胀；五、皮肤发痒或出荨麻疹；六、困倦；七、神志不清；八、僵硬
57001 57001 57001 1 现在就处理吧!你的宝宝可能出现了严重吸系统疾病。
57002 57003 57004 0 你的宝宝是否还不到1岁，是否咳嗽不停?
57003 57003 57003 1 咨询医生。宝宝的肺部可能出了问题。
57004 57005 57016 0 你的宝宝是否从上周才开始咳嗽的?
57005 57006 57007 0 你的宝宝是否咳嗽持续至少1分钟并且咳出黏液?在吸气时是否发出声音？
57006 57006 57006 1 咨询医生。宝宝可能受到了感染。
57007 57008 57009 0 你的宝宝是否干咳并且伴有呼吸急促或者喘息症状?
57008 57008 57008 1 咨询医生。宝宝的呼吸系统可能出现了疾病。
57009 57010 57011 0 你的宝宝是否出现了以下症状?一、发热或寒战；二、持续咳绿色或黄色黏痰；三、呼吸时胸部疼痛；四、乏力；五、食欲减少；六、困倦；七、神志不清
57010 57010 57010 1 咨询医生。你的宝宝可能受到了感染。
57011 57012 57013 0 你的宝宝是否出现了以下症状?一、流涕；二、咽喉痛；三、虚弱无力
57012 57012 57012 1 宝宝的上呼吸道可能受到了感染。如果症状持续两周以上或发热超过了38℃，就咨询医生吧。
57013 57014 57015 0 你的宝宝是否服用了处方药或非处方药?
57014 57014 57014 1 咨询医生。宝宝可能对药物产生了反应。
57015 57015 57015 1 咨询医生。宝宝的症状需要引起关注。
57016 57017 57021 0 你的宝宝是否连续咳嗽了几周?
57017 57018 57019 0 宝宝是否经常流涕或鼻塞?是否经常用嘴巴呼吸?
57018 57018 57018 1 咨询医生。
57019 57020 57021 0 你的宝宝是否吸入了二手烟或暴露在受污染的空气中?
57020 57020 57020 1 宝宝的症状可能是由于二手烟或空气污染导致的。
57021 57021 57021 1 如果宝宝的症状超过1周，就咨询医生吧。
58000 58001 58003 0 你的宝宝是否还不到1岁?
58001 58002 58004 0 你的宝宝是否发热并且伴有以下症状?一、拉扯耳朵；二、食欲降低；三、无缘无故哭泣且易怒；四、流涕或鼻塞，耳中出现分泌物
58002 58002 58002 1 咨询医生。宝宝的耳部可能受到了感染。
58003 58004 58006 0 你的宝宝是否出现了耳朵疼痛?
58004 58005 58006 0 你的宝宝是否出现了以下症状?一、拉扯耳朵；二、拉扯耳垂时，耳朵是否更痛；三、食欲降低；四、流涕或鼻塞；五、耳中出现分泌物；六、脚步不稳
58005 58005 58005 1 咨询医生。宝宝的耳部可能受到了感染，耳膜可能穿孔了。
58006 58007 58012 0 宝宝的听力是否减退或缺失?吞咽动作是否无法减轻这一症状?
58007 58008 58009 0 你的宝宝是否乘飞机旅行了，是否去了海拔高的地区?
58008 58008 58008 1 气压变化可能会损害中耳。如果宝宝的症状持续两天以上，就咨询医生吧。
58009 58010 58011 0 你的宝宝是否出现了以下症状?一、说话障碍；二、言语速度慢；三、对声音反应不敏捷
58010 58010 58010 1 咨询医生。你的宝宝可能出现了发育或神经问题。
58011 58011 58011 1 你的宝宝可能出现了耳垢堵塞。如果症状超过1周，就咨询医生吧。
58012 58013 58016 0 你的宝宝是否单耳或双耳中总有声音?
58013 58014 58015 0 宝宝是否感到头昏目眩?
58014 58014 58014 1 现在就咨询医生。你的宝宝耳朵可能出现了问题。
58015 58015 58015 1 你的宝宝可能患了耳鸣。如果症状持续1周以上，就去看医生吧。
58016 58016 58016 1 如果症状持续1个月以以上，就咨询医生吧。
59000 59001 59002 0 你的宝宝是否呼吸短促并且伴有以下症状?一、呼吸极度困难；二、无法讲话；三、面部或咽喉肿胀；四、皮肤发痒或出荨麻疹；五、吸气时声音异常；六、口水过多；七、困倦或嗜睡；八、神志不清；九、颈部僵硬
59001 59001 59001 1 紧急情况！现在就处理吧!你的宝宝可能出现了严重的呼吸问题。
59002 59003 59004 0 你的宝宝是否不到1岁?是否持续呼吸短促？
59003 59003 59003 1 现在就咨询医生。你的宝宝可能受到了感染。
59004 59005 59016 0 你的宝宝是否从上周才开始呼吸短促的?
59005 59006 59007 0 你的宝宝是否特续1分钟剧烈嗽并且咳出黏液?当他吸气时，是否发出了不寻常的声音?
59006 59006 59006 1 现在就咨询医生。你的宝宝可能受到了感染。
59007 59008 59009 0 你的宝宝是否干咳或喘息?
59008 59008 59008 1 现在就咨询医生。宝宝的呼吸系统可能出现了问题。
59009 59010 59011 0 你的宝宝是否出现了以下症状?一、发热或寒战；二、痰液呈绿色或黄色；三、呼吸时胸部疼痛；四、无力；五、食欲降低；六、困倦；七、神志不清
59010 59010 59010 1 咨询医生吧。宝宝可能受到了细菌感染。
59011 59012 59013 0 你的宝宝是否在服用处方药或非处方药?
59012 59012 59012 1 现在就咨询医生，宝实可能对药物产生了反应。
59013 59014 59015 0 你的宝宝是否出现了以下症状?一、头晕目眩；二、恐惧；三、焦虑；四、嘴唇及手刺痛
59014 59014 59014 1 如果症状持续或经常出现，就咨询医生吧。
59015 59015 59015 1 如果症状持续1周以上，就咨询医生吧。
59016 59017 59021 0 你的宝宝是否连续几周呼吸短促或出现了呼吸问题?
59017 59018 59019 0 否经常流涕且鼻塞、呼吸困难或总是用嘴巴呼吸?
59018 59018 59018 1 咨询医生。
59019 59020 59021 0 你的宝宝是否暴露在了有烟气的环境或受到污染的环境中?
59020 59020 59020 1 症状可能是由于二手烟或污染的空气导致的。
59021 59021 59021 1 如果症状持续1周以上，就咨询医生吧。
60000 60001 60002 0 你的宝宝是否腹痛并且伴有以下症状?一、疼痛持续3小时或更久；二、反复呕吐且疼痛没有减轻；三、下腹、腹股沟或睾丸肿胀；四、发热(直肠温度达到38℃或更高)
60001 60001 60001 1 紧急情况!现在就处理吧！宝宝的腹部可能出现了严重问题。
60002 60003 60007 0 你的宝宝是否腹痛且伴有恶心或呕吐?
60003 60004 60005 0 呕吐物是否呈黄绿色，且有便秘?
60004 60004 60004 1 现在就咨询医生。你的宝宝可能患了肠梗阻。
60005 60006 60007 0 你的宝宝是否腹泻?
60006 60006 60006 1 如果症状持续1天以上或加重，就去咨询医生吧。
60007 60008 60009 0 当你轻轻按压宝宝的腹部时，他是否更痛了?
60008 60008 60008 1 现在就咨询医生。你的宝宝可能患了阑尾炎。
60009 60010 60011 0 你的宝宝腰部以下是否疼痛，并且伴有以下症状?一、尿痛或尿频；二、发热(直肠温度达到38℃或更高)；三、无缘无故尿床
60010 60010 60010 1 咨询医生吧。宝宝的尿道可能受到了感染。
60011 60012 60013 0 你的宝宝是否腹痛、咽喉痛，并且出现了流涕和咳嗽?
60012 60012 60012 1 腹痛有时会伴有类似于感冒的症状。如果持续疼痛1天以上或症状加重，就咨询医生。
60013 60014 60015 0 你的宝宝是否腹痛、关节疼痛，伴或不伴皮疹?
60014 60014 60014 1 现在就咨询医生。宝宝的小血管可能发炎了。
60015 60016 60017 0 你的宝宝是否阵发性腹痛?是否经常失眠、烦躁、胃口不好、头痛?
60016 60016 60016 1 咨询医生。宝宝的腹痛症状或其他症状可能是由于铅中毒或偏头痛引起的。
60017 60018 60019 0 你的宝宝是否阵发性腹痛，并且经常在喂奶之后发作?
60018 60018 60018 1 咨询医生。你的宝宝可能对乳制品过敏。
60019 60019 60019 1 如果持续2-3天疼痛或症状加重，就咨询医生吧。
61000 61001 61002 0 你的宝宝是否还不到两岁?
61001 61001 61001 1 两岁以前不能控制排尿或排便属正常现象。
61002 61003 61006 0 你的宝宝是否在2-5岁之间?
61003 61004 61005 0 他是否能够很好地控制排便和排尿?
61004 61004 61004 1 出现意外情况很正常。继续支持你的宝宝坚持下去。
61005 61005 61005 1 咨询医生。可能是由于生理或心理原因影响了你的宝宝练习使用厕所的习惯。
61006 61007 61015 0 你的宝宝是否在5-12岁之间，之前是否接受过使用厕所的训练，现在却难以控制排尿或排便?
61007 61008 61009 0 你们的家庭是否出现了变故，家庭压力是否越来越大了?
61008 61008 61008 1 宝宝的症状可能是由于心理问题引起的。如果症状持续或加重，就咨询医生。
61009 61010 61011 0 你的宝宝在排尿或排便时是否有时会弄脏内裤?
61010 61010 61010 1 可能是生理或心理原因导致了宝宝出现了这些症状。如果症状持续或加重，就咨询医生。
61011 61012 61013 0 你的宝宝是否难以控制排尿，并且出现了以下症状?一、尿痛；二、尿频或尿量增多；三、经常口渴；四、发热(直肠温度达到38℃或更高)
61012 61012 61012 1 咨询医生。你的宝宝可能患上了糖尿病，也可能是尿道受到了感染。
61013 61014 61015 0 你的宝宝是否1个月内会尿床至少1次?
61014 61014 61014 1 可能是由于生理或心理原因导致了宝宝的这些症状。如果症状持续或加重，就咨询医生。
61015 61016 61017 0 你的宝宝是否出现了痉挛？
61016 61016 61016 1 现在就咨询医生。你的宝宝可能出现了神经系统问题。
61017 61017 61017 1 咨询医生。宝宝的这些症状需要引起关注了。
62000 62001 62006 0 你的宝宝是否腹泻、呕吐或腹痛?
62001 62002 62003 0 宝宝是否出现了以下症状?一、呕吐超过12小时；二、腹痛超过6小时；三、6-8小时内没有排尿
62002 62002 62002 1 咨询医生。宝宝的症状需要引起关注。可能是脱水了。
62003 62004 62005 0 宝宝的症状是否由于学习、旅行、运动或表现不好导致的压力引起的?
62004 62004 62004 1 宝宝的症状可能是由于焦虑引起的。和医生讨论一下应该怎么办。
62005 62005 62005 1 如果症状持续1天以上或加重，就咨询医生。
62006 62007 62009 0 你的宝宝是否还不到3岁，是否经常腹泻?
62007 62008 62009 0 腹泻时是否吐出了未经消化的食物?
62008 62008 62008 1 这是很正常的现象，如果这种症状持续两天以上或加重，就咨询医生。
62009 62010 62011 0 你的宝宝是否便秘之后就腹泻?这是否由于训练使用厕所习惯或焦虑引起的?
62010 62010 62010 1 这是很正常的现象。如果症状持续1周以上，就咨询医生吧。
62011 62012 62013 0 你是否给宝宝服用了新型处方药或非处方药?
62012 62012 62012 1 宝宝可能对药物产生了反应。咨询一下医生，药物是否会导致腹泻。
62013 62013 62013 1 如果症状加重或持续两周以上，就咨询医生吧。
63000 63001 63005 0 你的宝宝是否恶心、呕吐并且伴有头痛?
63001 63002 63003 0 恶心、呕吐是否发生在宝宝头部受到猛烈撞击之后?
63002 63002 63002 1 紧急情况!现在就处理吧!宝宝的头部可能严重受伤了。
63003 63004 63005 0 你的宝宝是否剧烈头痛，并且伴有以下症状?一、发热；二、视力模糊；三、眼睛疼痛；四、神志不清；五、颈部僵硬
63004 63004 63004 1 紧急情况!现在就处理吧!宝宝的脑部可能出现了问题。
63005 63006 63012 0 宝宝是否有腹痛?
63006 63007 63008 0 宝宝是否腹痛，并且伴有以下症状?一、疼痛持续3小时或更久；二、不断呕吐，疼痛却没有减轻；三、呕吐物呈现黄绿色；四、下腹、腹股沟或睾丸肿胀；五、便秘；六、发热(直肠温度达到38℃或更高)
63007 63007 63007 1 紧急情况！现在就处理吧!宝宝的腹部可能出现了问题。
63008 63009 63010 0 宝宝的腰部以下是否疼痛并且伴有以下症状?一、尿痛或尿频；二、发热；三、无缘无故尿床
63009 63009 63009 1 咨询医生吧。宝宝的泌尿道可能受到了感染。
63010 63011 63012 0 你的宝宝是否腹泻?
63011 63011 63011 1 肠胃可能受到了刺激感染。如果症状持续1天或6～8小时都没有排尿，就咨询医生。
63012 63013 63014 0 你的宝宝是否在服用处方药或非处方药?
63013 63013 63013 1 宝宝可能对药物产生了反应。如果处方药引起了宝宝胃痛，就去咨询医生吧。
63014 63015 63016 0 宝宝的症状是否发生生在诸如学习、旅游、运动或表演产生压力的时候?
63015 63015 63015 1 症状可能是由于焦虑引起的。咨询一下医生。
63016 63016 63016 1 如果症状已持续两天，就咨询医生吧。
64000 64001 64002 0 你的宝宝是否发热(直是肠温度达到38℃或更高)并且伴有以下症状?一、头部剧烈疼痛；二、视力模糊；三、眼睛疼痛；四、神志不清；五、颈部僵硬
64001 64001 64001 1 紧急情况!现在就处理吧!宝宝的脑部可能出现了问题。
64002 64003 64008 0 你的宝宝是否发热(直肠温度达到38℃或更高)并且咳嗽、呼吸困难?
64003 64004 64005 0 宝宝是否出现了以下症状?一、剧烈咳嗽持续1分钟以上的；二、吸气时发出异常的声音；三、口水增多；四、吞咽极度困难
64004 64004 64004 1 紧急情况！现在就处理吧!宝宝可能出现了严重的呼吸道问题。
64005 64006 64007 0 宝宝是否出现犬吠样咳嗽，夜间是否尤其严重?
64006 64006 64006 1 咨询医生。宝宝的声带可能受到了感染。
64007 64007 64007 1 你的宝宝可能受到了感染。如果症状持续两天以上或加重，就咨询医生。
64008 64009 64016 0 你的宝宝是否发热(直肠温度达到38℃或更高)并且下腹疼痛?
64009 64010 64011 0 宝宝是否出现了以下症状?一、疼痛持续3小时；二、不断呕吐且疼痛没有减轻；三、呕吐物呈黄绿色；四、下腹、腹股沟或睾丸肿胀；五、便秘
64010 64010 64010 1 紧急情况！现在就处理吧！宝宝的腹部可能出现了问题。
64011 64012 64013 0 宝宝的腰部以下是否疼痛，并且伴有以下症状?一、尿痛；二、尿频；三、无缘无故尿床
64012 64012 64012 1 咨询医生吧。宝宝的尿道可能受到了感染。
64013 64014 64015 0 你的宝宝是否腹泻?
64014 64014 64014 1 宝宝的胃肠可能受到了刺激或感染。如果症状持续两天以上，就咨询医生吧。
64015 64015 64015 1 如果宝宝的症状加重，就咨询医生。
64016 64017 64018 0 你的宝宝是否发热(直肠温度达到38℃或更高)并且伴有手臂、下肢、面部异常抖动或阶段性乏力?
64017 64017 64017 1 现在就咨询医生。突然性发热可能导致痉挛。
64018 64019 64020 0 你的宝宝是否发热(直肠温度达到38℃或更高)并且出了皮疹?
64019 64019 64019 1 你的宝宝可能受到了感染。
64020 64021 64022 0 你的宝宝是否发热(直肠温度达到了38℃或更高)并且出现了流涕或类似于感冒的症状?
64021 64021 64021 1 你的宝宝可能受到了感染。如果症状加重，就咨询医生。
64022 64023 64024 0 你的宝宝是否发热(直肠温度达到38℃或更高)并且耳朵下方疼痛?
64023 64023 64023 1 现在就咨询医生。你的宝宝可能受到了感染。
64024 64025 64026 0 你的宝宝是否发热了(直肠温度达到38℃或更高)并且伴有咽喉疼痛?
64025 64025 64025 1 你的宝宝可能受到了感染，如果症状持续或加重，就咨询医生。
64026 64027 64028 0 你的宝宝是否发热(直肠温度达到38℃或更高)?他是否扯拉耳朵且啼哭不止?
64027 64027 64027 1 你的宝宝的耳朵可能受到了感染。如果症状持续或加重，就咨询医生。
64028 64029 64030 0 你的宝宝最近是否接种了疫苗?
64029 64029 64029 1 接种疫苗后有可能会发热。如果症状持续3天以上或者加重，就咨询医生。
64030 64031 64032 0 你的宝宝是否在炎热的天气或酷热的环境中玩耍了?
64031 64031 64031 1 孩子运动时产生的热量会使其体温升高。帮他脱些衣服，并且多给他喝些热水。
64032 64032 64032 1 如果症状持续3天以上或加重，就咨询医生。
65000 65001 65002 0 你的宝宝是否发热了(直肠温度达到38℃或更高)?
65001 65001 65001 1 现在就咨询区生。你的宝宝可能受到了感染。
65002 65003 65004 0 你的宝宝是否腹痛、恶心、呕吐或腹泻了?
65003 65003 65003 1 宝宝的胃可能出现了问题。咨询一下医生，看看应该怎么办。
65004 65005 65006 0 你的宝宝是否咽喉疼痛、流涕或鼻塞或出现了类似感冒的症状?
65005 65005 65005 1 咨询医生，和他讨论一下应该怎么办。
65006 65007 65008 0 你的宝宝耳朵是否疼痛，他是否总扯拉自己的耳朵?
65007 65007 65007 1 宝宝的耳朵可能受到了感染。咨询医生。
65008 65009 65010 0 你的宝宝是否跟患病的孩子待在一起了?
65009 65009 65009 1 阅读一下与常见儿童疾病有关的内容。
65010 65011 65012 0 是否因外界事件导致了宝宝有压力，比如学习、旅游、运动或表演?
65011 65011 65011 1 宝宝的症状可能是由于焦虑引起的。咨询医生看看该怎么办。
65012 65013 65015 0 你的宝宝是否焦躁不安，难以集中注意力?
65013 65014 65015 0 他是否大部分时间都是这种状态?
65014 65014 65014 1 咨询医生。宝宝的注意力可能出现了问题。
65015 65015 65015 1 如果症状持续1周以上或加重，就咨询医生。
66000 66001 66002 0 你的生殖器是否有清晰的绿色、黄色或灰色分泌物?
66001 66001 66001 1 现在就给医生打电话。你的尿道或膀胱可能受到了感染，也可能患上了急需治疗的性传播疾病。在询医生之前不要性交。
66002 66003 66004 0 尿液中是否带血?
66003 66003 66003 1 更多信息请参考与尿中带血相关的内容。
66004 66005 66012 0 生殖器是否有溃疡、水疱和肿块?
66005 66006 66007 0 水疱是否发痒、有灼热感，是否加重，成为溃疡?
66006 66006 66006 1 去看医生吧。因为你可能感染了病毒或真菌。咨询医生之前避免性交。
66007 66008 66009 0 生殖器或肛门是否出现了粉红色、深红色或褐色的肿块?
66008 66008 66008 1 咨询医生吧。你可能由于病毒感染而发炎了。
66009 66010 66011 0 生殖器是否出现环状的斑？
66010 66010 66010 1 咨询医生吧。你可能感染上了性传播疾病。
66011 66011 66011 1 咨询医生吧，你必须关注这些症状。
66012 66013 66014 0 龟头是否发红、肿胀？
66013 66013 66013 1 咨询医生吧，你可能患了龟头炎。
66014 66015 66016 0 小便时是否感觉疼痛，有灼热感?
66015 66015 66015 1 更多信息请参考与尿痛或尿频相关的内容。
66016 66017 66018 0 性交时或性交后是否会疼痛?
66017 66017 66017 1 疼痛可能是你与配偶性交时摩擦造成的，也可能是由于对乳胶安全套或避孕膜的过敏反应引起的。
66018 66018 66018 1 如果症状持续两周以上或症状加重，就咨询医生吧。
67000 67001 67002 0 尿失禁是否突然出现，并且伴有以下症状?一、说话困难；二、步行困难；三、手臂或下肢无力
67001 67001 67001 1 紧急情况!现在赶紧处理!你可能患了脑卒中或其他与大脑、脊髓相关的疾病。
67002 67003 67004 0 你是否便秘且有1周以上?
67003 67003 67003 1 咨询医生，你的膀胱可能受到了压迫。
67004 67005 67007 0 你是否已到60岁?
67005 67006 67007 0 你是否很难记住近期发生的事情，是否比较在意自已的外貌，最近你的性格是否变化了？
67006 67006 67006 1 咨询医生吧，你的症状可能是由神经衰弱引起的。
67007 67008 67009 0 你排尿是否困难，是否尿痛，尿中是否带血?
67008 67008 67008 1 更多信息请参考与排尿困难、尿痛或尿频、尿中带血相关的内容。
67009 67010 67011 0 你是否服用了利尿剂和高血压药物?
67010 67010 67010 1 去咨询医生吧，因为尿失禁有可能是药物引起的。
67011 67011 67011 1 如果症状持续两周以上，就咨询医生吧。
68000 68001 68007 0 排尿时是否感到疼痛或有灼热感?
68001 68002 68003 0 生殖器是否有水疱、溃疡或脓状分泌物?
68002 68002 68002 1 更多信息请参考与男性生殖器疼痛、溃疡或有分泌物相关的内容。
68003 68004 68005 0 你是否出现了以下症状?一、发热；二、背部或腹股沟处痉挛性疼痛；三、恶心、呕吐；四、血尿
68004 68004 68004 1 去咨询医生吧，你可能患了肾结石或肾炎。
68005 68006 68007 0 排尿是否断断续续?
68006 68006 68006 1 去咨询医生吧，你的膀胱或尿道可能出现了阻塞。
68007 68008 68009 0 你是否尿频、尿量偏少?
68008 68008 68008 1 去咨询医生吧，你的尿路可能出现了感染。
68009 68010 68018 0 你是否尿频?
68010 68011 68012 0 是否出现了以下症状?一、容易口渴，食欲大增；二、无力；三、体重减轻；四、视物模糊
68011 68011 68011 1 去咨询医生吧，因为你可能患了糖尿病。
68012 68013 68014 0 你是否服用利尿剂或高血压药物?
68013 68013 68013 1 使用利尿剂时出现尿频是很正常的。
68014 68015 68016 0 你是否摄入了过多的咖啡、茶、饮料、酒精饮料或其他饮品？
68015 68015 68015 1 摄入含有咖啡因或酒精的饮料或饮用大量的水之后，出观尿频是很正常的。
68016 68017 68018 0 你是否出现了尿失禁?
68017 68017 68017 1 更多信息请参考与尿失禁相关的内容。
68018 68018 68018 1 如果症状持续两周以上或加重，就去咨询医生。
69000 69001 69002 0 过去几天内，你排出的尿是否很少?
69001 69001 69001 1 去咨询医生，你可能患了肾衰竭。
69002 69003 69006 0 你是否出现了以下症状?一、尿频；二、排尿不流畅
69003 69004 69005 0 你是否发热，阴囊与直肠之间是否疼痛?
69004 69004 69004 1 现在就咨询医生。你的前列腺可能发炎或出现问题了。
69005 69005 69005 1 去咨询医生吧，你必须关注这些症状。
69006 69007 69008 0 排尿时是否有灼热感，生殖器是否有分泌物?
69007 69007 69007 1 更多信息请参考与尿痛或尿频相关的内容。
69008 69009 69011 0 你的下腹、后背或骨盆部位是否出现了异常的持续剧痛?
69009 69010 69011 0 你是否有恶心、呕吐症状伴或不伴发热?
69010 69010 69010 1 去咨询医生。你的肾可能受到了感染。
69011 69011 69011 1 这些症状暂时不需要处理。如果症状加重或持续两周以上，就去咨询医生吧。
70000 70001 70004 0 你的下腹或背部是否出现过严重的持续疼痛？
70001 70002 70003 0 你的下腹、背部或身体一侧最近受过伤?
70002 70002 70002 1 紧急情况!现在就处理吧，你的肾可能受伤了。
70003 70003 70003 1 给医生打电话，你可能有肾结石。
70004 70005 70006 0 你是否有排尿困难?
70005 70005 70005 1 更多信息请参考与排尿困难相关的内容。
70006 70007 70008 0 排尿时是否有灼热感?
70007 70007 70007 1 更多信息请参考与尿痛相关的内容。
70008 70009 70013 0 你的下腹、背部或骨盆是否疼痛?
70009 70010 70011 0 你是否感觉软弱无力，你的体重是否无缘由下降了?
70010 70010 70010 1 现在去咨询医生。你可能患了肾肿瘤。
70011 70012 70013 0 是否恶心或呕吐，伴或不伴发热症状?
70012 70012 70012 1 去咨询医生。你的肾可能受到了感染。
70013 70013 70013 1 去咨询医生。症状可能是因为前列腺肿胀、轻度脑胱感染或膀胱癌引起的。