11 1 0 1 1 您精力充沛吗？
12 1 43 1 0 您容易疲乏吗？
13 1 42 1 0 您说话声音无力吗？
14 1 91 1 0 您感到闷闷不乐吗？
15 1 21 1 0 您比一般人耐受不了寒冷（冬天的寒冷，夏天的冷空调、电扇等）吗？
16 1 0 1 1 您能适应外界自然和社会环境的变化吗？
17 1 0 1 0 您容易失眠吗？
18 1 76 1 0 您容易忘事（健忘）吗？
21 2 15 1 1 您比一般人耐受不了寒冷（冬天的寒冷，夏天的空调，电扇等）吗？
22 2 0 1 1 您手脚发凉吗？
23 2 0 0 1 您胃脘部、背部或腰膝部怕冷吗？
24 2 0 0 1 您感到怕冷、衣服比别人穿得多吗？
25 2 47 0 1 您比别人容易患感冒吗？
26 2 0 0 1 您吃（喝）凉的东西会感到不舒服或者怕吃（喝）凉东西吗?
27 2 0 0 1 你受凉或吃（喝）凉的东西后，容易腹泻（拉肚子）吗？
31 3 0 1 1 您感到手脚心发热吗？
32 3 0 1 1 您容易便秘或大便干燥吗？
33 3 0 0 1 您感觉身体、脸上发热吗?
34 3 0 0 1 您皮肤或口唇干吗？
35 3 0 0 1 您口唇的颜色比一般人红吗？
36 3 0 0 1 您面部两颧潮红或偏红吗？
37 3 0 0 1 您感到眼睛干涩吗？
38 3 0 0 1 你感到口干咽燥、总想喝水吗？
41 4 0 1 1 您活动量稍大就容易出虚汗吗？
42 4 13 1 1 您说话声音无力吗？
43 4 12 0 1 你容易疲乏吗？
44 4 0 0 1 您容易气短（呼吸短促，接不上气）吗？
45 4 0 0 1 您容易心慌吗？
46 4 0 0 1 您容易头晕或站起时晕眩吗？
47 4 25 0 1 您比别人容易患感冒吗？
48 4 0 0 1 您喜欢安静、懒得说话吗？
51 5 0 1 1 您腹部肥满松软吗？
52 5 0 1 1 您平时痰多，特别是咽喉部总感到有痰堵着吗？
53 5 0 0 1 您感到胸闷或腹部胀满吗？
54 5 0 0 1 您感到身体沉重不轻松或不爽快吗？
55 5 0 0 1 您有额部油脂分泌多的现象吗？
56 5 0 0 1 您上眼睑比别人肿（有轻微隆起的现象）吗？
57 5 0 0 1 您嘴里有黏黏的感觉吗？
58 5 0 0 1 您舌苔厚腻或有舌苔厚厚的感觉吗？
61 6 0 1 1 你容易生痤疮或疮疖吗？
62 6 0 1 1 您面部或鼻部有油腻感或者油亮发光吗？
63 6 0 0 1 您感到口苦或嘴里有异味吗？
64 6 0 0 1 您大便黏滞不爽、有解不尽的感觉吗？
65 6 0 0 1 您小便时尿道有发热感、尿色浓（深）吗？
66 6 0 0 1 您带下色黄（白带颜色发黄）吗？（限女性回答）或者您的阴囊部位潮湿吗？（限男性回答）
71 7 0 1 1 您的皮肤在不知不觉中会出现青紫瘀斑（皮下出血）吗？
72 7 0 1 1 您面色晦黯或容易出现褐斑吗？
73 7 0 0 1 您两颧部有细微红丝吗？
74 7 0 0 1 您身体上有哪里疼痛吗？
75 7 0 0 1 您容易有黑眼圈吗？
76 7 18 0 1 您容易忘事（健忘）吗？
77 7 0 0 1 您口唇颜色偏黯吗？
81 8 0 1 1 您容易过敏（对药物、食物、气味、花粉或在季节交替、气候变化时）吗？
82 8 0 1 1 您的皮肤一抓就红，并出现抓痕吗？
83 8 0 0 1 您没有感冒时也会打喷嚏吗？
84 8 0 0 1 您没有感冒时也会鼻塞、流鼻涕吗？
85 8 0 0 1 您有因季节变化、温度变化或异味等原因而咳喘的现象吗？
86 8 0 0 1 您的皮肤容易起荨麻疹（风团、风疹块、风疙瘩）吗？
87 8 0 0 1 您的皮肤因过敏出现过紫癜（紫红色瘀点、瘀斑）吗？
91 9 14 1 1 您感到闷闷不乐吗？
92 9 0 1 1 您容易精神紧张、焦虑不安吗？
93 9 0 0 1 您多愁善感、感情脆弱吗？
94 9 0 0 1 您容易感到害怕或受到惊吓吗？
95 9 0 0 1 您胁肋部或乳房腹痛吗？
96 9 0 0 1 您无缘无故叹气吗？
97 9 0 0 1 您咽喉部有异物感，且吐之不出、咽之不下吗？